model	year	odometer	crumb_area	price	model1_est	model5_est	model3_est	model4_est	model2_est
outback	2015	43000	atlanta	25250	14859.217320318208	18539.40404040404	20315.5972065189	7574.452145214522	17750
outback	2004	164299	atlanta	2995	4598.427098330902	4789.687074829932	3546.300366582931	7574.452145214522	3999.5
wrx	2002	195	atlanta	4000	9138.567440055534	7276.251040221914	5892.919308134426	12931.025862068966	5500
forester	2005	220000	minneapolis	3500	4708.882947996288	4789.687074829932	2792.581742107207	6524.113964686999	3700
sti-wrx	2006	156687	minneapolis	11000	15986.948168379595	4789.687074829932	13593.191476818887	19286.675213675215	13500
impreza	2015	7900	minneapolis	12800	14016.41241601112	11567.134146341463	13935.088402930724	6655.659942363112	12000
legacy	2016	7250	minneapolis	18500	16091.273943101798	18539.40404040404	17947.595807223126	6418.04289544236	16200
sti-wrx	2005	32500	minneapolis	30000	15813.317658829017	13797.777777777777	18672.353208292407	19286.675213675215	12500
legacy	1997	213191	minneapolis	1300	-2105.4267077884356	2417.3728222996515	1087.7030614543455	6418.04289544236	1500
forester	2016	22678	minneapolis	26400	15386.658735594528	18539.40404040404	18328.618611102404	6524.113964686999	17195
outback	2015	44000	minneapolis	22000	15189.229347948216	18539.40404040404	19450.793232902535	7574.452145214522	17750
sti-wrx	2005	207	minneapolis	9000	17906.16459017048	13797.777777777777	12922.39884950504	19286.675213675215	12500
forester-xt	2004	203122	minneapolis	5500	5854.709099063422	4789.687074829932	4290.743906183765	9804.4	5900
outback	2001	175000	atlanta	3300	1935.5354113917422	2417.3728222996515	2623.06020666931	7574.452145214522	2450
legacy	2001	112000	atlanta	3250	1355.6478247324544	2504.294736842105	3233.791420671866	6418.04289544236	2000
outback	2000	147	atlanta	5697	4001.8625985981143	2504.294736842105	3565.9937920048314	7574.452145214522	2350
outback	2003	245500	atlanta	2100	3540.152305398138	2417.3728222996515	1758.8106993444717	7574.452145214522	3050
forester	2009	159800	atlanta	7498	8024.728942455195	4789.687074829932	6152.15106335279	6524.113964686999	6900
forester	2003	141000	atlanta	2950	2811.6361132372754	7276.251040221914	3539.3067424680066	6524.113964686999	2900
impreza	2001	183000	atlanta	7000	-23.102212759348276	2417.3728222996515	2057.7504669637847	6655.659942363112	2950
outback	2004	100000	atlanta	5700	4820.992660113314	7276.251040221914	5594.986296962868	7574.452145214522	3999.5
outback	2003	167000	minneapolis	2900	4053.2174752931187	2417.3728222996515	2847.9514969429947	7574.452145214522	3050
forester	2009	154012	atlanta	5999	8041.268611623784	4789.687074829932	6326.177001057767	6524.113964686999	6900
wrx	2007	188000	minneapolis	9850	10972.883839762702	4789.687074829932	8327.930595145928	12931.025862068966	9749.5
brz	2013	53240	minneapolis	11950	15332.81081805742	18539.40404040404	14530.102363835067	16082.274725274725	15950
legacy	2006	109500	minneapolis	5500	6097.0709480535315	7276.251040221914	5110.7592993709295	6418.04289544236	5000
outback	2004	141500	minneapolis	4700	5005.701242358666	7276.251040221914	3892.9380211806256	7574.452145214522	3999.5
sti-wrx	2017	2351	atlanta	39500	27172.335441436335	27667.102040816328	30759.853703311666	19286.675213675215	29999
forester	1999	270000	atlanta	1400	-992.4573765054424	2417.3728222996515	1083.5220438275392	6524.113964686999	1750
outback	2007	153434	missoula	7000	9628.220392610081	4789.687074829932	6169.945535893938	7574.452145214522	5495
forester	2015	22000	missoula	19900	16546.230100818888	18539.40404040404	17826.282219317538	6524.113964686999	16100
forester	2003	175000	atlanta	5000	2714.787228949534	2417.3728222996515	2777.5734015149164	6524.113964686999	2900
wrx	2011	85000	minneapolis	16000	14841.49736524911	11650.57939914163	15817.530988105798	12931.025862068966	15750
impreza	2009	70000	atlanta	8250	7433.214875268735	7276.251040221914	7471.156394180449	6655.659942363112	5950
forester	2001	287	minneapolis	1200	4041.774765554743	2504.294736842105	1913.29547675706	6524.113964686999	2350
impreza-wrx	2002	155273	minneapolis	3500	4995.725923243181	2417.3728222996515	4458.780737933593	9121.141592920354	5300
forester	2013	128000	atlanta	7990	11637.004669321535	11650.57939914163	10165.294064086176	6524.113964686999	13900
forester	2001	167000	missoula	1500	3343.882677483226	2417.3728222996515	2751.49544713708	6524.113964686999	2350
legacy	2008	152000	minneapolis	9350	7706.463763887554	4789.687074829932	5175.869011612685	6418.04289544236	5800
outback	2002	105000	minneapolis	9500	3383.026575521011	7276.251040221914	4121.4592521598815	7574.452145214522	2500
forester	2010	89600	minneapolis	8500	9502.560645816544	7276.251040221914	9896.11597871327	6524.113964686999	7100
outback	2002	170	atlanta	4499	5718.323021407121	7276.251040221914	4219.117413195383	7574.452145214522	2500
legacy	2010	158000	atlanta	5900	9105.207242542994	4789.687074829932	5361.749180499761	6418.04289544236	6500
legacy	2006	84000	atlanta	4000	5875.574099045787	7276.251040221914	5662.07310396351	6418.04289544236	5000
legacy-outback	1997	142240	minneapolis	700	-782.2607733650271	2504.294736842105	1394.695508002661	3175.4347826086955	1500
wrx	2007	112000	minneapolis	11000	11205.074560123308	7276.251040221914	10593.306930230221	12931.025862068966	9749.5
forester	1999	119825	minneapolis	1599	-287.92078495136013	2504.294736842105	2683.4105191180124	6524.113964686999	1750
legacy	2001	219900	minneapolis	2300	1393.482834329347	2417.3728222996515	1386.5061423759153	6418.04289544236	2000
legacy	1995	240000	atlanta	1100	-4255.2439063864185	2417.3728222996515	1547.9972063774649	6418.04289544236	1100
forester	2002	188	atlanta	3200	4712.220987400777	7276.251040221914	3914.024286638828	6524.113964686999	2700
wrx	2000	73000	minneapolis	15000	5249.476863852842	2504.294736842105	6671.355215905201	12931.025862068966	5500
forester	2007	198000	atlanta	2500	6172.225543155533	4789.687074829932	3954.989821442574	6524.113964686999	5998
legacy	2010	53000	minneapolis	9999	9934.961109362808	7276.251040221914	10195.030593162517	6418.04289544236	6500
legacy	2005	203000	minneapolis	2700	4942.142451691385	4789.687074829932	2719.026761341961	6418.04289544236	4000
impreza	2015	29780	minneapolis	9900	13425.262462750303	11567.134146341463	13213.093921852309	6655.659942363112	12000
legacy	2001	182000	minneapolis	2300	1478.3015242602	2417.3728222996515	1812.0082645141865	6418.04289544236	2000
forester	2003	138086	missoula	6000	5185.515672692073	7276.251040221914	3741.5751322432134	6524.113964686999	2900
forester	2002	188	atlanta	3200	4712.220987400777	7276.251040221914	3914.024286638828	6524.113964686999	2700
impreza	2009	26000	atlanta	7999	7876.432268017834	7276.251040221914	9429.025928253825	6655.659942363112	5950
brz	2014	52950	atlanta	16500	15873.15558316173	18539.40404040404	15545.689458053666	16082.274725274725	16000
forester	2001	170000	minneapolis	700	1311.6838332628872	2417.3728222996515	2258.7177482623165	6524.113964686999	2350
wrx	2007	195500	minneapolis	8000	10955.344221685244	4789.687074829932	8157.339890038203	12931.025862068966	9749.5
legacy	2003	156000	minneapolis	3100	3303.8148966881386	2417.3728222996515	2735.2982849980835	6418.04289544236	2500
outback	2007	199534	minneapolis	2000	7486.216374048616	4789.687074829932	4119.18234626508	7574.452145214522	5495
wrx	2003	93000	minneapolis	10500	7775.585508196711	7276.251040221914	7897.439391255053	12931.025862068966	5900
forester	2001	184000	atlanta	2500	935.9007871365652	2417.3728222996515	2170.6106316560663	6524.113964686999	2350
legacy	2010	157000	atlanta	5700	9108.0537386723	4789.687074829932	5386.754722812961	6418.04289544236	6500
outback	2001	174000	atlanta	1600	1938.104755670953	2417.3728222996515	2641.014723994399	7574.452145214522	2450
wrx	2002	280000	minneapolis	6500	6403.257290331634	2417.3728222996515	3557.4785604398267	12931.025862068966	5500
outback	2016	17528	atlanta	28000	16138.487526199957	18539.40404040404	24486.420293435942	7574.452145214522	19350
forester	2008	121720	atlanta	6200	7268.5509470657	7276.251040221914	6735.723080111018	6524.113964686999	6700
impreza	2011	55000	minneapolis	7500	9637.930270284649	11567.134146341463	9178.226833732686	6655.659942363112	7500
impreza	2008	128000	minneapolis	7500	6624.856224305582	7276.251040221914	5273.424141042242	6655.659942363112	5500
brz	2013	53240	minneapolis	11950	15332.81081805742	18539.40404040404	14530.102363835067	16082.274725274725	15950
legacy	2010	92085	atlanta	4500	9347.199072848623	7276.251040221914	7459.522111255751	6418.04289544236	6500
outback	2001	180000	atlanta	1000	1922.9048956592853	2417.3728222996515	2535.061620749706	7574.452145214522	2450
legacy	2005	195000	minneapolis	2900	4960.170242977076	4789.687074829932	2837.9105731213194	6418.04289544236	4000
legacy	2010	53000	minneapolis	9999	9934.961109362808	7276.251040221914	10195.030593162517	6418.04289544236	6500
forester	2015	35789	missoula	13200	16328.721893117141	18539.40404040404	16930.22721820108	6524.113964686999	16100
forester	2002	167149	atlanta	3500	1857.1656453654891	2417.3728222996515	2665.558652591967	6524.113964686999	2700
impreza	2009	131600	atlanta	5499	7150.3220407417975	7276.251040221914	5793.5254892448265	6655.659942363112	5950
forester	1999	110015	minneapolis	4750	-249.63615345614528	2504.294736842105	2899.4789202109214	6524.113964686999	1750
impreza	2010	42000	minneapolis	10000	8880.450375061992	7276.251040221914	9038.205220878011	6655.659942363112	6700
legacy	2000	231534	minneapolis	1900	492.16497413872673	2417.3728222996515	1133.607893915926	6418.04289544236	1950
outback	2004	174000	atlanta	4500	4572.706953721574	4789.687074829932	3313.4910343202782	7574.452145214522	3999.5
legacy	2002	188000	minneapolis	1200	2341.9594507445004	2417.3728222996515	1962.3524580063486	6418.04289544236	2200
impreza	2005	190000	atlanta	3500	3472.8699980818615	4789.687074829932	2920.1948033463295	6655.659942363112	4500
impreza-wrx	2005	89000	atlanta	8500	7539.4827097695015	7276.251040221914	8793.401392429667	9121.141592920354	6900
outback	2000	132000	atlanta	3000	1183.751045020463	2504.294736842105	3367.0968952768335	7574.452145214522	2350
wrx	2011	90000	minneapolis	16500	14815.885028742432	11650.57939914163	15551.356651067457	12931.025862068966	15750
impreza-wrx	2009	106789	minneapolis	10000	11310.926744102862	7276.251040221914	12515.60435934982	9121.141592920354	11499
wrx	2017	34000	minneapolis	24500	20520.965510598096	18539.40404040404	24519.809571588306	12931.025862068966	22999
legacy	2005	164000	minneapolis	3900	5037.795392023976	4789.687074829932	3356.840666771064	6418.04289544236	4000
legacy	2010	83500	minneapolis	7599	9731.353703779965	7276.251040221914	8691.488401973087	6418.04289544236	6500
forester	2005	171000	atlanta	5995	4481.555563148908	4789.687074829932	3598.60645184835	6524.113964686999	3700
legacy	2010	149000	atlanta	5700	9131.50029126988	4789.687074829932	5592.727832194029	6418.04289544236	6500
outback	2002	170000	atlanta	700	2826.7326000666017	2417.3728222996515	2865.655140773287	7574.452145214522	2500
forester	2005	147848	minneapolis	4650	4887.07884242748	7276.251040221914	4406.052129305667	6524.113964686999	3700
brz	2016	10000	minneapolis	19000	18713.961656218515	18539.40404040404	19948.78965688178	16082.274725274725	17200
wrx	2014	21250	minneapolis	18900	18096.421251574022	18539.40404040404	23751.962227067306	12931.025862068966	20250
forester	2015	53050	minneapolis	15900	14128.34360362034	18539.40404040404	15607.252388780838	6524.113964686999	16100
forester	2000	85000	atlanta	7900	403.8680149914094	2504.294736842105	4179.700516243981	6524.113964686999	1947.5
forester	2001	123000	missoula	4599	3480.974695625183	2504.294736842105	3348.061457455099	6524.113964686999	2350
forester	2006	190000	atlanta	2000	5312.517126052768	4789.687074829932	3625.053097068433	6524.113964686999	4000
outback	2002	170	atlanta	3999	5718.323021407121	7276.251040221914	4219.117413195383	7574.452145214522	2500
legacy	2008	158000	minneapolis	6500	7689.107390865025	4789.687074829932	5040.998689613354	6418.04289544236	5800
forester	2002	232000	minneapolis	700	2050.4658910242856	2417.3728222996515	1543.8324515080058	6524.113964686999	2700
wrx	2007	112000	minneapolis	11000	11205.074560123308	7276.251040221914	10593.306930230221	12931.025862068966	9749.5
legacy	2008	122000	atlanta	13500	7464.719972187115	7276.251040221914	5304.845009904826	6418.04289544236	5800
outback	2002	109000	minneapolis	5100	3366.269957696217	7276.251040221914	3993.4696408979726	7574.452145214522	2500
outback	2006	196009	minneapolis	2300	6616.007590570149	4789.687074829932	3586.385906096618	7574.452145214522	4997.5
outback	2008	93440	missoula	12000	10728.720293456274	7276.251040221914	9422.23287178963	7574.452145214522	6325
forester	1998	197000	missoula	1500	635.2071576254939	2417.3728222996515	2224.0811748902634	6524.113964686999	1500
impreza	2009	89400	minneapolis	5980	7663.914871575795	7276.251040221914	6741.191604839181	6655.659942363112	5950
outback	2014	49062	minneapolis	11950	14262.282524799595	18539.40404040404	17882.330629630436	7574.452145214522	16500
forester	2009	219200	minneapolis	4900	8223.319403648178	4789.687074829932	4967.797696141012	6524.113964686999	6900
brz	2014	39000	atlanta	14400	16010.030922520138	18539.40404040404	16615.207279660986	16082.274725274725	16000
outback	2014	34800	atlanta	24000	14075.688738885265	18539.40404040404	20126.523998757646	7574.452145214522	16500
legacy	2005	168000	minneapolis	5000	5026.991587881645	4789.687074829932	3284.0436582800303	6418.04289544236	4000
legacy	1996	227000	minneapolis	850	-3011.769866891103	2417.3728222996515	1008.4489523882839	6418.04289544236	1375
outback	2000	201222	atlanta	1200	994.7323997458864	2417.3728222996515	2158.7981870064395	7574.452145214522	2350
forester	2007	177000	missoula	8000	8587.013130114407	4789.687074829932	5094.607315039779	6524.113964686999	5998
legacy	1995	236	missoula	500	1057.3797753367498	2504.294736842105	1348.6114211067124	6418.04289544236	1100
impreza	2009	115500	minneapolis	6750	7549.117720632654	7276.251040221914	6098.732425125923	6655.659942363112	5950
forester	2008	190760	minneapolis	4995	7407.430299455957	4789.687074829932	5007.895634375607	6524.113964686999	6700
legacy	2000	293000	atlanta	2500	46.281490128018504	2417.3728222996515	967.4558571673897	6418.04289544236	1950
forester	2007	155495	atlanta	4499	6280.5709036454555	4789.687074829932	5019.669414639649	6524.113964686999	5998
outback	2000	147	atlanta	5497	4001.8625985981143	2504.294736842105	3565.9937920048314	7574.452145214522	2350
legacy-outback	2005	150000	minneapolis	6000	6219.531641385387	4789.687074829932	4331.87255732405	3175.4347826086955	4774.5
forester-xt	2004	203000	atlanta	5200	5514.676877474152	4789.687074829932	5211.867958269993	9804.4	5900
forester	2015	53050	minneapolis	15900	14128.34360362034	18539.40404040404	15607.252388780838	6524.113964686999	16100
impreza	2010	56000	minneapolis	7400	8751.66086172976	7276.251040221914	8458.279318663017	6655.659942363112	6700
impreza	1993	265800	minneapolis	600	-6875.7760133093	2417.3728222996515	2507.3838997244575	6655.659942363112	1900
impreza	2009	75000	minneapolis	7950	7742.608518688252	7276.251040221914	7163.100148580725	6655.659942363112	5950
forester	2011	60311	atlanta	12995	10217.793632497378	18539.40404040404	11980.754303959191	6524.113964686999	7900
outback	2013	83000	minneapolis	9900	13148.59770575003	11650.57939914163	14232.406221744117	7574.452145214522	12900
impreza	2004	267000	atlanta	1500	2442.1104383314737	4789.687074829932	1809.9632098267384	6655.659942363112	3725
brz	2015	30500	atlanta	19000	16998.19513043447	18539.40404040404	17755.30028815286	16082.274725274725	15999.5
legacy	2010	73928	minneapolis	9000	9785.904281883853	7276.251040221914	9112.550445234541	6418.04289544236	6500
outback	2002	149900	minneapolis	3900	3223.4469947829	2417.3728222996515	2899.9851644133714	7574.452145214522	2500
impreza	2006	250087	missoula	2600	6592.375180439365	4789.687074829932	3822.4187698878195	6655.659942363112	4750
legacy	1998	177000	missoula	1000	880.405487411691	2417.3728222996515	1790.578066882721	6418.04289544236	1500
legacy-outback	2001	155410	missoula	4100	4715.060640284158	2417.3728222996515	3276.8804767612764	3175.4347826086955	1800
impreza	2009	70000	atlanta	8250	7433.214875268735	7276.251040221914	7471.156394180449	6655.659942363112	5950
outback	2008	150480	atlanta	7850	8150.618511188366	4789.687074829932	6222.896042628793	7574.452145214522	6325
forester	2008	155000	minneapolis	7300	7500.502692390108	4789.687074829932	5973.667566978928	6524.113964686999	6700
forester-xt	2004	225400	atlanta	4500	5467.742929648934	4789.687074829932	4850.992187647977	9804.4	5900
forester	2002	253000	atlanta	1800	1671.3076364387912	2417.3728222996515	1337.3185691254894	6524.113964686999	2700
legacy	1998	186000	atlanta	2450	-1506.3496842017153	2417.3728222996515	1818.804663376929	6418.04289544236	1500
outback	2006	150000	atlanta	4500	6395.649340617387	4789.687074829932	4892.458233927958	7574.452145214522	4997.5
legacy	2008	156259	minneapolis	5500	7694.0748525833405	4789.687074829932	5079.585851506497	6418.04289544236	5800
outback	1996	219690	missoula	2000	-192.9253977661242	2417.3728222996515	2450.331539309572	7574.452145214522	1350
impreza	2008	145000	missoula	7999	8593.170835292016	7276.251040221914	6047.4345653925975	6655.659942363112	5500
impreza	1995	162000	missoula	2400	-2873.1399005006983	2417.3728222996515	2439.681188852822	6655.659942363112	2200
legacy	2012	110200	minneapolis	5999	11363.41926902892	11650.57939914163	9264.088491401628	6418.04289544236	7500
outback	2005	148000	minneapolis	5000	5863.767834118244	4789.687074829932	4225.0865873597895	7574.452145214522	4400
forester	2015	53090	minneapolis	15900	14128.006115332957	18539.40404040404	15604.579814702756	6524.113964686999	16100
outback	1998	224000	missoula	2195	1554.7642072203823	2417.3728222996515	2233.318471504136	7574.452145214522	1900
legacy	1998	234000	missoula	1300	755.229157719662	2417.3728222996515	1338.778969636879	6418.04289544236	1500
impreza-wrx	2003	145000	minneapolis	7500	5904.613801118465	7276.251040221914	5368.113668609826	9121.141592920354	5500
wrx	2010	113000	atlanta	12995	13495.391048273237	7276.251040221914	12975.511171658796	12931.025862068966	14100
outback	2004	143500	minneapolis	3900	4999.409325966668	7276.251040221914	3837.708147378463	7574.452145214522	3999.5
outback	2005	133000	minneapolis	3500	5911.673151606683	7276.251040221914	4671.948020842615	7574.452145214522	4400
wrx	2002	194500	minneapolis	6500	6566.639929190058	2417.3728222996515	4722.520862850343	12931.025862068966	5500
forester	2007	137800	minneapolis	6400	6675.0317190585065	7276.251040221914	5868.162648014835	6524.113964686999	5998
sti-wrx	2007	140438	minneapolis	7500	16914.231040960683	13797.777777777777	14640.561693177788	19286.675213675215	14000
outback	2004	143500	minneapolis	3900	4999.409325966668	7276.251040221914	3837.708147378463	7574.452145214522	3999.5
forester	2016	33008	atlanta	22000	14878.587438974691	18539.40404040404	17368.86192161104	6524.113964686999	17195
impreza-wrx	2004	167	atlanta	6500	9267.803801158983	7276.251040221914	6188.613527058707	9121.141592920354	6500
brz	2013	34700	atlanta	16000	15184.09510103583	18539.40404040404	16499.5333323634	16082.274725274725	15950
impreza-wrx	2002	161222	minneapolis	5600	4978.870129772009	2417.3728222996515	4330.594248481183	9121.141592920354	5300
wrx	2002	187000	minneapolis	6000	6584.271473504281	2417.3728222996515	4852.014961482639	12931.025862068966	5500
impreza	2011	55000	minneapolis	7700	9637.930270284649	11567.134146341463	9178.226833732686	6655.659942363112	7500
legacy-outback	1999	200000	atlanta	700	481.0443699805387	2417.3728222996515	1686.0235808456155	3175.4347826086955	1450
legacy	2015	64000	missoula	18250	16265.723133269441	18539.40404040404	16695.853541963337	6418.04289544236	15995
forester	2004	258640	missoula	2900	5782.340183967642	4789.687074829932	2596.0227503797714	6524.113964686999	3200
outback	2005	193460	missoula	3500	7767.892327488049	4789.687074829932	3934.1563442556007	7574.452145214522	4400
impreza	2009	52000	missoula	8000	9930.860238795192	7276.251040221914	8814.80103682011	6655.659942363112	5950
outback	2006	190000	missoula	7500	8654.184702917644	4789.687074829932	4535.796134278807	7574.452145214522	4997.5
legacy	2008	156000	minneapolis	6000	7694.818560105839	4789.687074829932	5085.363974140069	6418.04289544236	5800
impreza-wrx	2002	215	atlanta	5800	7437.236959137119	7276.251040221914	6067.974517395615	9121.141592920354	5300
outback	2008	110000	minneapolis	5000	8631.381202364488	7276.251040221914	7694.5641574575575	7574.452145214522	6325
legacy	2005	190000	minneapolis	6500	4971.816958507485	4789.687074829932	2915.082966891795	6418.04289544236	4000
legacy	2015	80000	missoula	14999	16165.75952632732	11650.57939914163	16017.486591813038	6418.04289544236	15995
legacy	2015	64000	missoula	17250	16265.723133269441	18539.40404040404	16695.853541963337	6418.04289544236	15995
legacy	2016	10500	missoula	24500	17951.231412859368	18539.40404040404	19952.797938964613	6418.04289544236	16200
legacy	2009	89140	minneapolis	8959	8823.865328710948	7276.251040221914	7716.8594099584525	6418.04289544236	6000
impreza	2009	74600	minneapolis	7850	7745.004285583076	7276.251040221914	7175.656810981805	6655.659942363112	5950
impreza	2009	89400	minneapolis	6000	7663.914871575795	7276.251040221914	6741.191604839181	6655.659942363112	5950
forester-xt	2010	175	minneapolis	9900	14087.08503343175	7276.251040221914	10611.604706183096	9804.4	9900
outback	2001	189000	minneapolis	600	2241.330796521597	2417.3728222996515	1906.975569599298	7574.452145214522	2450
forester-xt	2005	131000	atlanta	6800	6589.249662983188	7276.251040221914	7330.81413891698	9804.4	5500
outback	2009	89144	atlanta	11995	9263.494303975824	7276.251040221914	9870.226276277	7574.452145214522	8000
impreza	2007	126	minneapolis	3999	8590.833463542767	7276.251040221914	5053.817476676419	6655.659942363112	5250
legacy	2010	53000	minneapolis	9999	9934.961109362808	7276.251040221914	10195.030593162517	6418.04289544236	6500
impreza	2017	4500	minneapolis	17500	16021.065977169557	11567.134146341463	14893.67614553203	6655.659942363112	12999
impreza	2007	123700	minneapolis	6400	5761.9726367162875	7276.251040221914	4856.962721093079	6655.659942363112	5250
forester	2007	137800	minneapolis	6400	6675.0317190585065	7276.251040221914	5868.162648014835	6524.113964686999	5998
forester	2001	212000	minneapolis	850	1212.6892733081627	2417.3728222996515	1582.8975551465346	6524.113964686999	2350
forester	2002	134500	minneapolis	9500	2294.8939133686567	7276.251040221914	3353.729448400547	6524.113964686999	2700
forester	2007	149000	atlanta	5000	6299.699141770112	4789.687074829932	5207.314363508074	6524.113964686999	5998
forester	2007	155495	atlanta	4499	6280.5709036454555	4789.687074829932	5019.669414639649	6524.113964686999	5998
outback	2003	109000	minneapolis	2500	4244.470690379758	7276.251040221914	4417.321407764459	7574.452145214522	3050
impreza	2010	115123	minneapolis	7000	8428.783859447947	7276.251040221914	6727.866345811368	6655.659942363112	6700
legacy	2005	168000	minneapolis	5000	5026.991587881645	4789.687074829932	3284.0436582800303	6418.04289544236	4000
legacy	2003	160000	minneapolis	2000	3292.464353563137	2417.3728222996515	2667.0047437959147	6418.04289544236	2500
legacy	2005	200000	minneapolis	3500	4948.81826364832	4789.687074829932	2762.9663460103457	6418.04289544236	4000
wrx	2013	130000	minneapolis	15000	16407.476072264497	11650.57939914163	15674.501207274268	12931.025862068966	18950
wrx	2004	250000	atlanta	4500	7870.177883783808	4789.687074829932	5042.789426116618	12931.025862068966	6000
forester	2001	257	minneapolis	1250	4077.9723182590355	2504.294736842105	1776.9937632221336	6524.113964686999	2350
outback	2005	148000	atlanta	1900	5523.466220429131	4789.687074829932	4418.294485180202	7574.452145214522	4400
forester	2007	137800	minneapolis	6400	6675.0317190585065	7276.251040221914	5868.162648014835	6524.113964686999	5998
impreza-wrx	2009	93000	minneapolis	15000	11372.886776571568	7276.251040221914	13084.09292364615	9121.141592920354	11499
forester	2009	172000	atlanta	5700	7991.744230745526	4789.687074829932	5804.2804210036065	6524.113964686999	6900
legacy	2014	103000	atlanta	8900	12809.80207946969	11650.57939914163	9714.318802776994	6418.04289544236	14500
outback	2001	258000	atlanta	700	1761.4807184043714	2417.3728222996515	1458.0341742366472	7574.452145214522	2450
legacy	2014	77000	minneapolis	7000	13280.466934660453	11650.57939914163	12283.447832106209	6418.04289544236	14500
legacy	1998	240000	minneapolis	900	-1280.3400946466822	2417.3728222996515	922.7808507769405	6418.04289544236	1500
forester	2004	148000	minneapolis	4500	4008.4174536254163	4789.687074829932	3895.8005130292477	6524.113964686999	3200
impreza	2007	146000	minneapolis	3000	5687.6726880091555	7276.251040221914	4444.922867329722	6655.659942363112	5250
impreza	2005	188000	minneapolis	1800	3817.9163020586107	4789.687074829932	3056.220416928555	6655.659942363112	4500
outback	2015	84000	minneapolis	19500	14899.633003246907	11650.57939914163	16406.378841953803	7574.452145214522	17750
impreza-wrx	2005	89	atlanta	8900	10300.99874247015	7276.251040221914	5810.761997538043	9121.141592920354	6900
legacy-outback	2001	213857	missoula	3000	4571.926066131476	2417.3728222996515	2991.790307853491	3175.4347826086955	1800
impreza-wrx	2013	58958	minneapolis	17900	15089.874729622332	18539.40404040404	19206.62066134627	9121.141592920354	18250
forester	2002	250000	minneapolis	1200	2016.9583550561933	2417.3728222996515	1300.6678194074539	6524.113964686999	2700
legacy	1995	267000	minneapolis	250	-3962.7491953947683	2417.3728222996515	875.173944917783	6418.04289544236	1100
brz	2016	22500	atlanta	9600	18012.34604380389	18539.40404040404	18785.482190618	16082.274725274725	17200
wrx	2008	152000	minneapolis	9000	11946.384489488055	4789.687074829932	10165.73996266865	12931.025862068966	10750
forester-xt	2007	150000	minneapolis	7250	8625.237762785315	4789.687074829932	7066.030403651492	9804.4	9900
forester	1998	199136	minneapolis	1900	-1393.8446120114872	2417.3728222996515	1270.7164212453417	6524.113964686999	1500
brz	2016	16200	atlanta	18500	18158.94375818805	18539.40404040404	19211.72700354069	16082.274725274725	17200
brz	2013	34000	atlanta	19000	15193.210781861384	18539.40404040404	16558.59124171591	16082.274725274725	15950
legacy	2005	254826	minneapolis	9000	4840.185530807101	4789.687074829932	2062.5328611945224	6418.04289544236	4000
outback	2011	116000	minneapolis	11000	11242.179074667358	11650.57939914163	10296.518498195423	7574.452145214522	9900
brz	2014	49000	atlanta	15750	15907.86686691142	18539.40404040404	15835.657401134753	16082.274725274725	16000
outback	2008	102000	missoula	7000	10689.438724341824	7276.251040221914	8988.436650726306	7574.452145214522	6325
legacy	2008	158000	minneapolis	6500	7689.107390865025	4789.687074829932	5040.998689613354	6418.04289544236	5800
impreza	2012	69999	minneapolis	10500	10408.125086573153	11567.134146341463	9353.85313237586	6655.659942363112	9500
outback	2007	159000	minneapolis	6495	7588.028806174303	4789.687074829932	5165.586686054037	7574.452145214522	5495
legacy	1997	165245	minneapolis	1200	-1991.201126358013	2417.3728222996515	1493.5018240144354	6418.04289544236	1500
legacy	2003	126000	atlanta	3400	3059.2555471504315	7276.251040221914	3370.558535268674	6418.04289544236	2500
outback	2007	170000	missoula	7200	9582.254192539891	4789.687074829932	5681.932852269036	7574.452145214522	5495
legacy-outback	2004	153980	atlanta	2700	4989.28917459546	4789.687074829932	4342.674135169605	3175.4347826086955	4500
wrx	2006	129500	atlanta	7000	9921.496733868935	7276.251040221914	8790.703331709876	12931.025862068966	8500
outback	2002	175120	minneapolis	800	3153.730423005958	2417.3728222996515	2371.966179245852	7574.452145214522	2500
wrx	2002	190000	minneapolis	4500	6577.135486057365	2417.3728222996515	4799.538979274432	12931.025862068966	5500
forester	2003	162201	atlanta	2495	2748.838511066015	2417.3728222996515	3045.009126450821	6524.113964686999	2900
legacy	2003	126000	atlanta	3400	3059.2555471504315	7276.251040221914	3370.558535268674	6418.04289544236	2500
forester-xt	2009	113400	minneapolis	9900	10507.024192070961	7276.251040221914	9679.34630260264	9804.4	9900
wrx	2009	50000	atlanta	16979	12982.46859987419	7276.251040221914	15189.845377430713	12931.025862068966	14100
wrx	2007	191000	minneapolis	8975	10965.785490955097	4789.687074829932	8258.84418983049	12931.025862068966	9749.5
forester	2010	164800	minneapolis	6900	9229.418427790648	4789.687074829932	7021.913342564289	6524.113964686999	7100
brz	2013	36600	atlanta	16500	15160.247474326872	18539.40404040404	16340.394616941201	16082.274725274725	15950
wrx	2015	44000	atlanta	19500	18308.89776349946	18539.40404040404	21241.48407307163	12931.025862068966	21000
wrx	2002	236000	atlanta	6700	6139.618560112964	2417.3728222996515	4221.173950637625	12931.025862068966	5500
outback	2003	225000	missoula	4500	5943.77051077197	2417.3728222996515	2632.1344522912786	7574.452145214522	3050
legacy	1995	164000	missoula	2700	-1719.9956194449524	2417.3728222996515	1535.2738776494662	6418.04289544236	1100
forester-xt	2002	4195	missoula	29302	7852.729942324411	7276.251040221914	20951.52072071335	9804.4	6200
impreza	2006	127030	atlanta	5899	4531.563012360444	7276.251040221914	4342.726015945716	6655.659942363112	4750
wrx	2014	67500	minneapolis	19750	17579.37727715644	18539.40404040404	19711.308431416415	12931.025862068966	20250
legacy	2008	83000	minneapolis	5800	7977.643345972185	7276.251040221914	7254.725893018187	6418.04289544236	5800
legacy	2001	58100	atlanta	4150	1649.711925025195	2504.294736842105	4793.163734143346	6418.04289544236	2000
outback	2002	179000	atlanta	4600	2803.603442617996	2417.3728222996515	2688.4989604731454	7574.452145214522	2500
forester	2003	162201	atlanta	2495	2748.838511066015	2417.3728222996515	3045.009126450821	6524.113964686999	2900
forester	2009	172000	atlanta	5700	7991.744230745526	4789.687074829932	5804.2804210036065	6524.113964686999	6900
wrx	2004	147150	minneapolis	8000	8448.119263025694	7276.251040221914	6954.728705218887	12931.025862068966	6000
legacy	2015	64000	missoula	17250	16265.723133269441	18539.40404040404	16695.853541963337	6418.04289544236	15995
forester	2004	188303	minneapolis	2750	3900.4399107417325	4789.687074829932	2973.2875934794583	6524.113964686999	3200
impreza-wrx	2014	48207	minneapolis	22000	16058.219994639037	18539.40404040404	20782.255529698356	9121.141592920354	18950
wrx	2008	102000	minneapolis	12000	12125.192438215707	7276.251040221914	11967.069566352537	12931.025862068966	10750
legacy	2005	60000	minneapolis	7500	5488.405222770807	7276.251040221914	6351.6828363705745	6418.04289544236	4000
impreza	2015	49500	minneapolis	15499	13197.908136583515	11567.134146341463	12358.661859415894	6655.659942363112	12000
impreza	2010	115123	minneapolis	7000	8428.783859447947	7276.251040221914	6727.866345811368	6655.659942363112	6700
wrx	2006	159000	atlanta	8500	9829.496489042009	4789.687074829932	8012.201343143594	12931.025862068966	8500
outback	2001	190000	minneapolis	2200	2238.964724133468	2417.3728222996515	1890.7542883198657	7574.452145214522	2450
legacy	2001	157000	atlanta	2300	1204.2471445204378	2417.3728222996515	2403.5039198307077	6418.04289544236	2000
outback	2003	59977	atlanta	15950	4171.824552543489	7276.251040221914	7037.857438202753	7574.452145214522	3050
legacy-outback	1999	77000	missoula	4500	3273.404375896397	2504.294736842105	3442.6128695737298	3175.4347826086955	1450
outback	2000	158600	missoula	4400	3465.96927286108	2417.3728222996515	3162.903895993807	7574.452145214522	2350
outback	2004	142000	minneapolis	4500	5004.119970771333	7276.251040221914	3879.0558890564516	7574.452145214522	3999.5
forester	2002	108000	minneapolis	9750	2393.251152010626	7276.251040221914	4072.520464988932	6524.113964686999	2700
impreza-wrx	2005	170036	minneapolis	9000	7589.608380236714	4789.687074829932	6406.134365685528	9121.141592920354	6900
legacy	2011	163000	atlanta	7995	9969.440275179391	11650.57939914163	5815.710160793598	6418.04289544236	7500
forester	2010	117243	minneapolis	8000	9382.051314840175	7276.251040221914	8665.404882893572	6524.113964686999	7100
legacy	2005	192222	missoula	5300	6990.820109450815	4789.687074829932	4497.977898129495	6418.04289544236	4000
legacy	1995	285000	missoula	1400	-1967.7895803914885	2417.3728222996515	906.3425762841061	6418.04289544236	1100
forester	2006	114000	minneapolis	2950	5881.821029691389	7276.251040221914	6050.156811130378	6524.113964686999	4000
forester	2010	79000	minneapolis	7500	9558.976427564698	7276.251040221914	10443.133383307937	6524.113964686999	7100
outback	2001	284000	minneapolis	1200	2058.7254677729725	2417.3728222996515	706.6262996502965	7574.452145214522	2450
forester	2006	108000	minneapolis	7500	5906.054082744788	7276.251040221914	6271.989552559602	6524.113964686999	4000
forester	2008	174300	minneapolis	4500	7447.889500730407	4789.687074829932	5428.669631381386	6524.113964686999	6700
forester	2003	205000	atlanta	3200	2643.844440053285	2417.3728222996515	2224.4520127252254	6524.113964686999	2900
forester	2011	84000	atlanta	12500	10069.378811014343	11650.57939914163	10600.408897108075	6524.113964686999	7900
legacy	2010	137000	atlanta	7000	9169.141335162069	7276.251040221914	5923.0735149678585	6418.04289544236	6500
legacy	2005	138000	minneapolis	5800	5115.1790509907605	7276.251040221914	3881.719076013652	6418.04289544236	4000
legacy	1999	147000	minneapolis	1800	-182.34790874398425	2504.294736842105	1915.1432566156973	6418.04289544236	1500
wrx	2010	110000	minneapolis	14200	13847.752696971927	7276.251040221914	13606.974073594822	12931.025862068966	14100
outback	2001	203443	minneapolis	1600	2208.3127866826	2417.3728222996515	1681.9149928578827	7574.452145214522	2450
forester	2011	63390	missoula	8500	12560.01080228541	18539.40404040404	11688.482665821391	6524.113964686999	7900
outback	2001	212306	missoula	1000	4213.408491576013	2417.3728222996515	2446.8798460981952	7574.452145214522	2450
outback	2008	156687	minneapolis	6000	8472.799260825648	4789.687074829932	5984.3103690048665	7574.452145214522	6325
impreza	2008	163000	atlanta	3500	6176.19273039226	4789.687074829932	4642.904797427624	6655.659942363112	5500
legacy	1998	193207	minneapolis	2000	-1183.0930614718013	2417.3728222996515	1288.0533769633175	6418.04289544236	1500
forester	2010	116000	atlanta	9500	9046.527080485417	7276.251040221914	8371.867943876952	6524.113964686999	7100
forester	2008	66656	minneapolis	10500	7878.689404619587	7276.251040221914	9611.174461176292	6524.113964686999	6700
impreza-wrx	2008	107250	minneapolis	11500	10430.795384255214	7276.251040221914	11361.620649190507	9121.141592920354	8999
outback	2001	178653	atlanta	2500	1926.272712028229	2417.3728222996515	2558.4822117693184	7574.452145214522	2450
wrx	2017	49000	atlanta	27000	20017.119249275478	18539.40404040404	22159.45546685246	12931.025862068966	22999
forester	2006	69183	minneapolis	7850	6105.619800036398	7276.251040221914	7996.408701694978	6524.113964686999	4000
impreza	1996	225000	minneapolis	2600	-4166.4469764759415	2417.3728222996515	2186.258036602604	6655.659942363112	2150
impreza	2005	160100	minneapolis	3500	3889.9403558656245	4789.687074829932	3432.467019715441	6655.659942363112	4500
outback	2000	235170	minneapolis	1500	1265.1285149976884	2417.3728222996515	1162.9781040070593	7574.452145214522	2350
forester	2010	62800	minneapolis	10000	9661.782054427213	7276.251040221914	11380.654640364182	6524.113964686999	7100
forester	2010	84700	minneapolis	10000	9527.761205372584	7276.251040221914	10143.057085095767	6524.113964686999	7100
impreza	2006	127717	atlanta	7995	4529.145307789286	7276.251040221914	4328.779299781299	6655.659942363112	4750
outback	2007	152275	atlanta	5495	7267.101756624836	4789.687074829932	5444.948103356941	7574.452145214522	5495
legacy-outback	1998	229263	missoula	1300	1906.131895767453	2417.3728222996515	2290.2051057645385	3175.4347826086955	1500
forester-xt	2010	210000	minneapolis	8495	11108.981800827476	4789.687074829932	8260.036723067416	9804.4	9900
legacy	2007	150000	atlanta	3900	6493.8993769407825	4789.687074829932	4112.261982687306	6418.04289544236	5000
forester	2008	174766	atlanta	4880	7106.390801422958	4789.687074829932	5090.983056112385	6524.113964686999	6700
outback	2005	174130	minneapolis	4500	5790.87445199192	4789.687074829932	3548.275112137884	7574.452145214522	4400
impreza	2006	153000	minneapolis	4600	4788.477188414194	4789.687074829932	3901.2888838478875	6655.659942363112	4750
wrx	2013	42000	minneapolis	24500	16913.61864544962	18539.40404040404	20771.35272011451	12931.025862068966	18950
forester	2001	186000	minneapolis	1999	1271.3551760888736	2417.3728222996515	1982.3281144512512	6524.113964686999	2350
forester	2003	261770	atlanta	1850	2534.2272555411314	2417.3728222996515	1389.6367271327772	6524.113964686999	2900
impreza	2009	113000	atlanta	5500	7218.624243252685	7276.251040221914	6215.684336725464	6655.659942363112	5950
forester	2004	146	atlanta	5999	6539.335787811413	7276.251040221914	4097.392760491101	6524.113964686999	3200
impreza	2006	169000	minneapolis	2850	4743.886193283093	4789.687074829932	3659.9686517584214	6655.659942363112	4750
outback	1996	275	missoula	700	2666.2675653199485	2504.294736842105	3945.637177733607	7574.452145214522	1350
forester	2006	185495	atlanta	3999	5323.2762161899045	4789.687074829932	3725.9143100929095	6524.113964686999	4000
forester-xt	2004	134800	minneapolis	6500	6038.532349531079	7276.251040221914	5667.553462659048	9804.4	5900
forester	2000	145	atlanta	5998	3028.3601764463733	2504.294736842105	3534.2905420037987	6524.113964686999	1947.5
outback	2003	205000	minneapolis	1600	3961.295701551686	2417.3728222996515	2108.93904785872	7574.452145214522	3050
forester	1998	245000	minneapolis	1500	-1486.785174817332	2417.3728222996515	809.1760725823742	6524.113964686999	1500
legacy	1998	240000	minneapolis	900	-1280.3400946466822	2417.3728222996515	922.7808507769405	6418.04289544236	1500
forester	2011	91540	missoula	11950	12395.37882547881	11650.57939914163	10473.150462113803	6524.113964686999	7900
forester-xt	2004	138400	minneapolis	6400	6026.717602111026	7276.251040221914	5577.622262903227	9804.4	5900
forester-xt	2004	182849	minneapolis	5000	5901.853829812817	4789.687074829932	4637.922250527279	9804.4	5900
forester	2008	127000	atlanta	5400	7249.516747133659	7276.251040221914	6545.114528827036	6524.113964686999	6700
legacy	2014	104500	atlanta	8900	12803.32233824164	11650.57939914163	9655.535766246014	6418.04289544236	14500
forester	2003	179	atlanta	2800	5604.664385683956	7276.251040221914	4054.35415000995	6524.113964686999	2900
outback	2006	149100	minneapolis	4260	6738.648895324062	4789.687074829932	4786.26234209106	7574.452145214522	4997.5
impreza	2005	167000	atlanta	3500	3530.721283874432	4789.687074829932	3242.1438664192474	6655.659942363112	4500
impreza	1999	59000	missoula	5500	1092.298922976579	2504.294736842105	3828.1097176057974	6655.659942363112	2300
legacy-outback	2016	57000	minneapolis	13000	16313.316608413284	18539.40404040404	12596.055728877	3175.4347826086955	15500
impreza	2008	92400	minneapolis	6900	6770.923581050749	7276.251040221914	6084.848076129187	6655.659942363112	5500
forester-xt	2009	102100	minneapolis	9900	10554.070053165693	7276.251040221914	10064.579639579788	9804.4	9900
forester	2008	127000	atlanta	5200	7249.516747133659	7276.251040221914	6545.114528827036	6524.113964686999	6700
sti-wrx	2014	96000	atlanta	32000	22891.84469030487	11650.57939914163	22730.69304436232	19286.675213675215	27000
impreza	2007	123700	minneapolis	6400	5761.9726367162875	7276.251040221914	4856.962721093079	6655.659942363112	5250
legacy	2013	117700	missoula	11000	14236.325046486205	11650.57939914163	12873.036336493282	6418.04289544236	12000
legacy	1996	173113	missoula	1500	-866.0402857870076	2417.3728222996515	1534.9083249106925	6418.04289544236	1375
forester	2010	116000	missoula	10900	11411.045009541005	7276.251040221914	8763.830366930926	6524.113964686999	7100
forester	1998	187500	missoula	1000	657.3679391571031	2417.3728222996515	2289.532087771404	6524.113964686999	1500
outback	2006	140000	atlanta	3500	6426.578628911957	7276.251040221914	5216.646180828303	7574.452145214522	4997.5
legacy	2010	123000	minneapolis	8400	9557.763925859716	7276.251040221914	7292.301145118101	6418.04289544236	6500
forester	2006	240800	minneapolis	2300	5546.574568558364	4789.687074829932	2875.3686767804875	6524.113964686999	4000
impreza	2010	44000	minneapolis	7600	8859.629641433861	7276.251040221914	8949.81930918263	6655.659942363112	6700
legacy	2002	170000	atlanta	1950	2046.7819037064587	2417.3728222996515	2348.6527503060215	6418.04289544236	2200
outback	2013	100700	minneapolis	12900	13061.974679102068	11650.57939914163	13214.821181849296	7574.452145214522	12900
impreza	2009	116000	minneapolis	6750	7547.181566203624	7276.251040221914	6087.6843593356625	6655.659942363112	5950
outback	2010	123000	minneapolis	7999	10337.714622219859	7276.251040221914	8980.642050463044	7574.452145214522	8900
forester	2009	127741	minneapolis	6995	8465.411288616791	7276.251040221914	7548.679553636518	6524.113964686999	6900
legacy	2005	168000	minneapolis	5000	5026.991587881645	4789.687074829932	3284.0436582800303	6418.04289544236	4000
forester	2001	150112	atlanta	3000	1027.161418011347	2417.3728222996515	2783.717103162926	6524.113964686999	2350
outback	2006	70100	atlanta	6000	6736.569224433348	7276.251040221914	8427.125708015386	7574.452145214522	4997.5
sti-wrx	2004	131000	atlanta	14500	13970.5132274254	13797.777777777777	12071.114291193733	19286.675213675215	12250
legacy	1995	164000	missoula	2700	-1719.9956194449524	2417.3728222996515	1535.2738776494662	6418.04289544236	1100
brz	2014	39000	atlanta	15950	16010.030922520138	18539.40404040404	16615.207279660986	16082.274725274725	16000
legacy	2002	138000	minneapolis	2300	2480.57685294014	7276.251040221914	2739.951306044608	6418.04289544236	2200
legacy	2015	65802	minneapolis	8500	14229.069466095036	18539.40404040404	13688.664002735004	6418.04289544236	15995
impreza	2007	92000	minneapolis	5785	5894.666973987802	7276.251040221914	5577.523249439208	6655.659942363112	5250
outback	2013	100500	minneapolis	12900	13062.865655134463	11650.57939914163	13225.472133102921	7574.452145214522	12900
outback	2012	141000	atlanta	12300	11692.592355198425	11650.57939914163	10298.906556125155	7574.452145214522	11650
forester	2002	185000	atlanta	2000	1811.6713606549479	2417.3728222996515	2334.777555384915	6524.113964686999	2700
outback	2005	171000	minneapolis	5250	5799.006824647309	4789.687074829932	3623.4502949085436	7574.452145214522	4400
forester	2002	131410	minneapolis	800	2305.3125802847776	7276.251040221914	3430.635065603793	6524.113964686999	2700
forester	2017	13500	atlanta	19999	16155.915494632487	18539.40404040404	18912.400488798856	6524.113964686999	17700
outback	2006	140000	atlanta	3500	6426.578628911957	7276.251040221914	5216.646180828303	7574.452145214522	4997.5
brz	2013	43500	minneapolis	18000	15423.263019930928	18539.40404040404	15303.446257315927	16082.274725274725	15950
forester-xt	2004	208000	minneapolis	4500	5844.068267518893	4789.687074829932	4213.148046788974	9804.4	5900
impreza	1999	222000	minneapolis	850	-1525.8258202696966	2417.3728222996515	1947.222546376458	6655.659942363112	2300
legacy	2017	48000	atlanta	15700	15786.429431356566	18539.40404040404	14661.22019059415	6418.04289544236	17250
forester	2005	182000	minneapolis	3200	4793.905503545215	4789.687074829932	3562.2720991619844	6524.113964686999	3700
impreza	2012	70000	minneapolis	8450	10408.118687008468	11567.134146341463	9353.819708962714	6655.659942363112	9500
legacy	1997	140000	missoula	500	107.3392674555389	2504.294736842105	1980.2430479163404	6418.04289544236	1500
impreza	2009	74600	minneapolis	7500	7745.004285583076	7276.251040221914	7175.656810981805	6655.659942363112	5950
legacy	2007	169000	minneapolis	3900	6780.732272703142	4789.687074829932	4236.408409585084	6418.04289544236	5000
forester	2005	192000	minneapolis	900	4769.922974304594	4789.687074829932	3344.7088303773016	6524.113964686999	3700
brz	2013	70000	minneapolis	15495	15210.235307715579	18539.40404040404	13361.494868257989	16082.274725274725	15950
outback	2002	187000	minneapolis	450	3124.3014442639233	2417.3728222996515	2151.7223657668	7574.452145214522	2500
impreza	2005	134000	minneapolis	4500	3969.7192613594248	7276.251040221914	3851.2767978747042	6655.659942363112	4500
forester	2010	96400	minneapolis	8900	9469.779980027592	7276.251040221914	9569.065718333542	6524.113964686999	7100
sti-wrx	2015	50000	minneapolis	25000	24402.554953345214	27667.102040816328	25423.901576672986	19286.675213675215	29750
forester	2004	147000	atlanta	3900	3671.155189535459	7276.251040221914	3764.6874737942935	6524.113964686999	3200
forester	2002	109500	atlanta	4500	2046.7674521811118	7276.251040221914	4049.4423605823913	6524.113964686999	2700
legacy	2002	221449	atlanta	1650	1928.2344250273568	2417.3728222996515	1672.7163019791806	6418.04289544236	2200
impreza-wrx	2002	146048	minneapolis	5400	5023.184607359626	7276.251040221914	4668.198794930681	9121.141592920354	5300
legacy	2003	134572	minneapolis	2200	3370.053693959359	7276.251040221914	3136.7324035825413	6418.04289544236	2500
forester	2010	96400	minneapolis	8900	9469.779980027592	7276.251040221914	9569.065718333542	6524.113964686999	7100
outback	2013	69410	missoula	16500	15252.923473359682	18539.40404040404	16482.46392659968	7574.452145214522	12900
wrx	2012	93000	minneapolis	14990	15679.392102348573	11650.57939914163	16380.020963987921	12931.025862068966	16750
legacy	2013	50000	minneapolis	10900	12595.652418696962	18539.40404040404	12875.85367650669	6418.04289544236	12000
impreza	2006	186000	minneapolis	3500	4700.91244421921	4789.687074829932	3428.2061605624813	6655.659942363112	4750
legacy	2005	168000	minneapolis	5000	5026.991587881645	4789.687074829932	3284.0436582800303	6418.04289544236	4000
impreza	1998	175000	minneapolis	1800	-2297.36121606642	2417.3728222996515	2394.3952971322406	6655.659942363112	2500
impreza	2002	144459	atlanta	2700	961.1242480360011	7276.251040221914	2730.031576307114	6655.659942363112	3000
legacy	2010	64000	minneapolis	7900	9850.503154485265	7276.251040221914	9595.144430221846	6418.04289544236	6500
forester	2004	200000	minneapolis	750	3873.418579515636	4789.687074829932	2742.5830132010597	6524.113964686999	3200
impreza	2010	112000	minneapolis	4950	8441.11068583692	7276.251040221914	6799.047636371604	6655.659942363112	6700
forester	2003	165000	missoula	3000	5105.685849112008	2417.3728222996515	3323.529191396363	6524.113964686999	2900
outback	2006	92298	minneapolis	7250	6953.613111085877	7276.251040221914	6888.628342155518	7574.452145214522	4997.5
impreza-wrx	2005	178036	minneapolis	8000	7568.995286487298	4789.687074829932	6227.702902964627	9121.141592920354	6900
outback	2004	157700	minneapolis	2000	4957.107210469565	4789.687074829932	3467.1307292646425	7574.452145214522	3999.5
impreza	2007	126000	minneapolis	2500	5753.714744837194	7276.251040221914	4811.359926355795	6655.659942363112	5250
outback	2015	34000	missoula	23500	17328.810331357137	18539.40404040404	22285.241539176066	7574.452145214522	17750
impreza	2011	123771	atlanta	4900	8934.216749267498	11650.57939914163	7209.045306540123	6655.659942363112	7500
forester	2015	31340	minneapolis	14000	14363.878563158532	18539.40404040404	17169.97999586133	6524.113964686999	16100
impreza-wrx	2005	178036	minneapolis	8000	7568.995286487298	4789.687074829932	6227.702902964627	9121.141592920354	6900
outback	2003	213000	minneapolis	1600	3944.130287180911	2417.3728222996515	1973.2801687253204	7574.452145214522	3050
outback	2010	95150	minneapolis	12400	10452.778554038769	7276.251040221914	10291.099972638016	7574.452145214522	8900
outback	2005	172035	minneapolis	4300	5796.301337665449	4789.687074829932	3598.429222226645	7574.452145214522	4400
legacy	2010	210000	minneapolis	4000	9317.945028672057	4789.687074829932	5307.170185892002	6418.04289544236	6500
impreza-wrx	2005	178036	minneapolis	8000	7568.995286487298	4789.687074829932	6227.702902964627	9121.141592920354	6900
forester	2004	164000	minneapolis	3000	3962.395707891292	4789.687074829932	3503.099792913018	6524.113964686999	3200
outback	2003	157500	atlanta	4900	3739.173800488761	2417.3728222996515	3382.4050320582746	7574.452145214522	3050
impreza	2009	138400	minneapolis	6900	7468.039146636798	7276.251040221914	5631.876295678034	6655.659942363112	5950
legacy	2013	144000	minneapolis	7500	12121.705937222057	11650.57939914163	9046.912744665755	6418.04289544236	12000
impreza	2007	123700	minneapolis	5500	5761.9726367162875	7276.251040221914	4856.962721093079	6655.659942363112	5250
forester	2002	212000	missoula	3000	4115.106321358177	2417.3728222996515	2485.865308611881	6524.113964686999	2700
outback	2005	287931	atlanta	700	5225.062116039455	4789.687074829932	1610.7647571663047	7574.452145214522	4400
outback	2001	256730	minneapolis	1700	2103.9951809737795	2417.3728222996515	992.9387658641645	7574.452145214522	2450
outback	2000	235170	minneapolis	1200	1265.1285149976884	2417.3728222996515	1162.9781040070593	7574.452145214522	2350
legacy	2001	236457	minneapolis	1800	1360.9312232940342	2417.3728222996515	1228.560963996165	6418.04289544236	2000
forester-xt	2002	4195	missoula	27302	7852.729942324411	7276.251040221914	20951.52072071335	9804.4	6200
forester	2015	45000	minneapolis	17000	14202.020841841719	18539.40404040404	16162.40054561197	6524.113964686999	16100
impreza	2009	138400	minneapolis	6900	7468.039146636798	7276.251040221914	5631.876295678034	6655.659942363112	5950
forester	2013	70000	minneapolis	12000	12247.765814979373	18539.40404040404	13191.459521878664	6524.113964686999	13900
forester	2012	110000	atlanta	10600	10826.732871600247	11650.57939914163	10133.471886356681	6524.113964686999	9500
legacy	2016	29000	missoula	18699	17498.1910258572	18539.40404040404	19324.654767894448	6418.04289544236	16200
outback	2008	190000	missoula	3990	10410.586168284724	4789.687074829932	5870.854046471285	7574.452145214522	6325
forester	2010	67210	minneapolis	13995	9631.383303617453	7276.251040221914	11112.088358615574	6524.113964686999	7100
outback	2006	92298	minneapolis	7250	6953.613111085877	7276.251040221914	6888.628342155518	7574.452145214522	4997.5
impreza	2004	170000	minneapolis	3000	2984.8396360261427	4789.687074829932	3001.974254762733	6655.659942363112	3725
forester	2015	19600	minneapolis	17900	14573.585103140993	18539.40404040404	18001.707939015323	6524.113964686999	16100
wrx	2015	42000	atlanta	22800	18329.71849712759	18539.40404040404	21397.436664225454	12931.025862068966	21000
legacy	2013	38356	missoula	9500	14738.527912531097	18539.40404040404	16176.17074859342	6418.04289544236	12000
outback	2011	116000	missoula	10400	13266.395390033833	11650.57939914163	11317.850425820292	7574.452145214522	9900
outback	2011	166000	minneapolis	2000	11081.516059641097	11650.57939914163	8381.502808814355	7574.452145214522	9900
impreza	2007	123700	minneapolis	5500	5761.9726367162875	7276.251040221914	4856.962721093079	6655.659942363112	5250
forester	2001	168	minneapolis	1500	4206.609632680611	2504.294736842105	1344.7619644899032	6524.113964686999	2350
outback	2001	119737	minneapolis	2900	2445.9596327423133	2504.294736842105	3344.529342066803	7574.452145214522	2450
impreza	2008	80000	atlanta	5900	6495.1911217504385	7276.251040221914	6549.670766401955	6655.659942363112	5500
outback	2006	140000	atlanta	3500	6426.578628911957	7276.251040221914	5216.646180828303	7574.452145214522	4997.5
impreza-wrx	2011	87007	atlanta	16250	12818.83551603027	11650.57939914163	13442.91067959243	9121.141592920354	15800
outback	2017	27800	minneapolis	29900	17151.017616526722	18539.40404040404	23105.286671365116	7574.452145214522	24900
forester	2007	123000	missoula	7600	8750.179091726422	7276.251040221914	6229.413974173916	6524.113964686999	5998
forester	2009	101000	missoula	6500	10594.905261051394	7276.251040221914	8395.526146602515	6524.113964686999	6900
outback	2002	154622	minneapolis	2900	3209.5425936699157	2417.3728222996515	2794.11229124523	7574.452145214522	2500
brz	2013	34000	atlanta	19000	15193.210781861384	18539.40404040404	16558.59124171591	16082.274725274725	15950
forester	2015	31340	minneapolis	14000	14363.878563158532	18539.40404040404	17169.97999586133	6524.113964686999	16100
outback	2009	171000	minneapolis	3975	9311.809755381471	4789.687074829932	6374.729041211284	7574.452145214522	8000
forester-xt	2009	109400	minneapolis	9900	10523.119417406991	7276.251040221914	9811.544711579849	9804.4	9900
forester	2001	211000	missoula	1000	3239.0256601292012	2417.3728222996515	2307.4905766990814	6524.113964686999	2350
impreza	2013	50000	minneapolis	9500	11437.007071960452	11567.134146341463	10832.134337340593	6655.659942363112	10299
impreza	2004	242000	minneapolis	1950	2826.4976037654155	4789.687074829932	2217.0590228913143	6655.659942363112	3725
outback	2001	243000	minneapolis	600	2128.642285909398	2417.3728222996515	1152.2897723149272	7574.452145214522	2450
outback	2002	215000	minneapolis	1500	3061.7389001574247	2417.3728222996515	1690.6570237705182	7574.452145214522	2500
impreza	2006	161000	minneapolis	4300	4765.627881500712	4789.687074829932	3777.5719419097277	6655.659942363112	4750
sti-wrx	2015	50000	minneapolis	24999	24402.554953345214	27667.102040816328	25423.901576672986	19286.675213675215	29750
impreza-wrx	2002	203500	minneapolis	4800	4874.454811163609	2417.3728222996515	3546.153491807133	9121.141592920354	5300
legacy	2006	120	minneapolis	1	8883.348930084847	7276.251040221914	3943.259698795505	6418.04289544236	5000
sti-wrx	2014	53000	minneapolis	24000	23498.26510937814	27667.102040816328	24471.085081716526	19286.675213675215	27000
impreza	2007	123700	minneapolis	5400	5761.9726367162875	7276.251040221914	4856.962721093079	6655.659942363112	5250
outback	2008	127000	minneapolis	6400	8566.96800863206	7276.251040221914	7002.849540679756	7574.452145214522	6325
outback	2002	238000	atlanta	1000	2675.864398060532	2417.3728222996515	1741.176373031387	7574.452145214522	2500
impreza-wrx	2004	160000	atlanta	1	6398.38107043168	4789.687074829932	6338.902275778764	9121.141592920354	6500
outback	2005	226000	missoula	2999	7698.183469847505	4789.687074829932	3298.670382269577	7574.452145214522	4400
forester	2014	16000	missoula	18000	15810.129148681925	18539.40404040404	17320.84969140167	6524.113964686999	15900
wrx	2013	62000	atlanta	18500	16398.944554685968	18539.40404040404	18327.316857178535	12931.025862068966	18950
outback	1997	239000	minneapolis	899	-1376.7178148764087	2417.3728222996515	1202.5017333400956	7574.452145214522	1200
legacy	2013	86000	minneapolis	12500	12352.737317785479	11650.57939914163	11027.95721857664	6418.04289544236	12000
outback	2001	200900	minneapolis	1600	2213.9528338918353	2417.3728222996515	1720.1529228341906	7574.452145214522	2450
forester	2010	133	atlanta	7250	11832.896401886066	7276.251040221914	6048.803724373317	6524.113964686999	7100
forester-xt	2009	174900	atlanta	6400	9972.483621889869	4789.687074829932	9048.9795198073	9804.4	9900
outback	2004	80000	atlanta	2200	4920.9842341129315	7276.251040221914	6507.722034759727	7574.452145214522	3999.5
outback	2016	34250	atlanta	26500	15839.21623009421	18539.40404040404	22382.1565994837	7574.452145214522	19350
impreza	2006	126000	atlanta	2800	4535.212398464542	7276.251040221914	4363.768696582494	6655.659942363112	4750
legacy	2005	90000	minneapolis	3000	5306.759907040689	7276.251040221914	5180.060872324164	6418.04289544236	4000
wrx	2002	195000	atlanta	4500	6225.187156837843	2417.3728222996515	4767.896053431063	12931.025862068966	5500
impreza-wrx	2008	108500	atlanta	12000	10085.300308014832	7276.251040221914	10256.07041729277	9121.141592920354	8999
outback	2001	183000	minneapolis	1895	2255.7954440264184	2417.3728222996515	2006.433414820097	7574.452145214522	2450
forester	2002	186000	atlanta	2499	1809.2542950833	2417.3728222996515	2317.273947807623	6524.113964686999	2700
forester	2009	118400	minneapolis	8900	8499.448996054793	7276.251040221914	7901.167217887261	6524.113964686999	6900
legacy-outback	1999	146993	atlanta	2700	619.1039418792338	2504.294736842105	2051.3916238524607	3175.4347826086955	1450
outback	2011	144500	minneapolis	9500	11143.7012827514	11650.57939914163	9126.33367393631	7574.452145214522	9900
outback	2006	140000	atlanta	3500	6426.578628911957	7276.251040221914	5216.646180828303	7574.452145214522	4997.5
sti-wrx	2008	80000	minneapolis	19500	18044.63915145723	13797.777777777777	17823.844117629673	19286.675213675215	16750
impreza	2003	159670	minneapolis	3500	2134.7446336532807	2417.3728222996515	2911.7027061528497	6655.659942363112	3000
forester-xt	2010	146400	minneapolis	8400	11270.730466156614	7276.251040221914	9607.328343177582	9804.4	9900
impreza	2005	175000	minneapolis	2500	3850.0439127183613	4789.687074829932	3223.616001243926	6655.659942363112	4500
sti-wrx	2007	88000	minneapolis	15000	17123.732590337007	13797.777777777777	16676.395457849074	19286.675213675215	14000
sti-wrx	2015	61000	atlanta	33000	23973.20909323368	27667.102040816328	25908.149406521785	19286.675213675215	29750
impreza	2009	131600	atlanta	3999	7150.3220407417975	7276.251040221914	5793.5254892448265	6655.659942363112	5950
sti-wrx	2011	35000	atlanta	22000	20709.073442295383	27667.102040816328	24039.721773837762	19286.675213675215	20435
outback	2015	51000	atlanta	24000	14782.836941305855	18539.40404040404	19488.71373972574	7574.452145214522	17750
wrx	2011	71000	minneapolis	15000	14922.129723753937	18539.40404040404	16635.211968342526	12931.025862068966	15750
outback	2012	95000	missoula	15999	14234.103358220244	11650.57939914163	13565.838269804019	7574.452145214522	11650
legacy	2013	38356	missoula	8500	14738.527912531097	18539.40404040404	16176.17074859342	6418.04289544236	12000
forester	2009	143400	minneapolis	7900	8413.57585031976	7276.251040221914	7004.609428089916	6524.113964686999	6900
forester	2017	10	minneapolis	16200	18657.30821967795	18539.40404040404	7380.438663919173	6524.113964686999	17700
forester	2009	74000	atlanta	7200	8369.766879408611	7276.251040221914	9610.067882565512	6524.113964686999	6900
legacy-outback	2002	167000	minneapolis	1000	3536.7981623720066	2417.3728222996515	2609.522580842957	3175.4347826086955	2550
forester-xt	2010	146600	minneapolis	8400	11270.11845203052	7276.251040221914	9602.221987771463	9804.4	9900
legacy	2006	84000	atlanta	4000	5875.574099045787	7276.251040221914	5662.07310396351	6418.04289544236	5000
wrx	2011	46000	atlanta	20000	14776.197723049576	18539.40404040404	17528.129602274	12931.025862068966	15750
outback	2004	251356	atlanta	2300	4407.782156896998	4789.687074829932	1870.5803262662084	7574.452145214522	3999.5
outback	1999	147500	minneapolis	2800	596.0805388367281	2504.294736842105	2333.592363631691	7574.452145214522	2150
forester	2008	111715	minneapolis	6995	7647.297592491441	7276.251040221914	7461.993677431718	6524.113964686999	6700
forester	2004	110100	minneapolis	3700	4141.021355263927	7276.251040221914	5009.5247725742465	6524.113964686999	3200
forester	2009	143500	minneapolis	7900	8413.26334157508	7276.251040221914	7001.306559207567	6524.113964686999	6900
forester-xt	2004	158800	missoula	6000	7989.293283994866	4789.687074829932	11702.553015732909	9804.4	5900
forester	2005	220000	atlanta	3450	4368.581334307175	4789.687074829932	2597.7200006828707	6524.113964686999	3700
forester	2001	162000	minneapolis	1700	1333.2945755214355	2417.3728222996515	2407.103693265083	6524.113964686999	2350
forester	2008	109400	minneapolis	6900	7656.682961118886	7276.251040221914	7554.7031916993965	6524.113964686999	6700
wrx	2011	70000	minneapolis	17500	14928.48402666194	18539.40404040404	16698.201918966697	12931.025862068966	15750
outback	2006	157100	minneapolis	4800	6715.217654226664	4789.687074829932	4555.623505179206	7574.452145214522	4997.5
outback	2008	69196	missoula	11250	10863.303061689305	7276.251040221914	10869.206629767676	7574.452145214522	6325
forester	2007	160025	minneapolis	3750	6607.99828736673	4789.687074829932	5203.977520459784	6524.113964686999	5998
outback	2009	112400	missoula	6000	11524.124424673893	7276.251040221914	9431.238013165377	7574.452145214522	8000
outback	2010	135000	missoula	14999	12320.202383178486	7276.251040221914	9431.796680161871	7574.452145214522	8900
impreza	2013	112000	minneapolis	8250	11075.71288388754	11650.57939914163	8922.077112782723	6655.659942363112	10299
forester-xt	2010	146400	minneapolis	8400	11270.730466156614	7276.251040221914	9607.328343177582	9804.4	9900
outback	2005	168000	atlanta	3150	5466.640670552675	4789.687074829932	3862.3956686415813	7574.452145214522	4400
impreza	2007	117000	minneapolis	2000	5786.932682015031	7276.251040221914	4994.387455249978	6655.659942363112	5250
forester	2006	220000	minneapolis	3300	5587.083680679829	4789.687074829932	3259.626578757013	6524.113964686999	4000
impreza	2007	120000	minneapolis	5500	5775.58453175551	7276.251040221914	4931.98877173437	6655.659942363112	5250
impreza	2015	47763	atlanta	15500	12873.598471314137	11567.134146341463	12296.327027024296	6655.659942363112	12000
impreza	2012	88300	atlanta	9250	9963.763215378698	11650.57939914163	8813.032571684638	6655.659942363112	9500
wrx	2013	70000	minneapolis	16000	16684.885492029018	18539.40404040404	18651.475768105454	12931.025862068966	18950
sti-wrx	2007	151000	minneapolis	12500	16881.723255574077	4789.687074829932	14319.170237464506	19286.675213675215	14000
wrx	2003	146000	minneapolis	6500	7573.435829612006	7276.251040221914	6293.46842560347	12931.025862068966	5900
outback	2008	149000	atlanta	5500	8155.0495222629415	4789.687074829932	6274.5628600492055	7574.452145214522	6325
outback	2003	214000	minneapolis	1300	3942.030066655525	2417.3728222996515	1956.7422929249442	7574.452145214522	3050
wrx	2002	160000	minneapolis	6500	6654.184346480097	2417.3728222996515	5370.0461041382205	12931.025862068966	5500
forester-xt	2010	146400	minneapolis	8200	11270.730466156614	7276.251040221914	9607.328343177582	9804.4	9900
forester	2002	207951	atlanta	1800	1759.2351078005217	2417.3728222996515	1957.1674287066962	6524.113964686999	2700
impreza	2009	92700	atlanta	6972	7307.3701150150555	7276.251040221914	6750.675261599381	6655.659942363112	5950
forester-xt	2009	83769	atlanta	12999	10302.446964996054	7276.251040221914	11850.568432872557	9804.4	9900
sti-wrx	2011	84000	minneapolis	18000	20657.38044543377	11650.57939914163	19958.868287374306	19286.675213675215	20435
legacy	2008	120600	atlanta	6999	7469.893413367274	7276.251040221914	5347.106359848049	6418.04289544236	5800
forester	2004	147000	atlanta	3900	3671.155189535459	7276.251040221914	3764.6874737942935	6524.113964686999	3200
forester	2001	152237	atlanta	2580	1020.8596022290772	2417.3728222996515	2741.164466913585	6524.113964686999	2350
forester	2001	210000	minneapolis	1000	1216.9394830710485	2417.3728222996515	1611.686332328185	6524.113964686999	2350
forester-xt	2010	146400	minneapolis	8200	11270.730466156614	7276.251040221914	9607.328343177582	9804.4	9900
wrx	2015	65000	minneapolis	22000	18474.483035092715	18539.40404040404	20702.25131379895	12931.025862068966	21000
legacy	1995	164000	missoula	2700	-1719.9956194449524	2417.3728222996515	1535.2738776494662	6418.04289544236	1100
outback	1999	147500	minneapolis	2400	596.0805388367281	2504.294736842105	2333.592363631691	7574.452145214522	2150
outback	2001	283000	minneapolis	1000	2060.3072969325403	2417.3728222996515	716.4835984992969	7574.452145214522	2450
impreza-wrx	2005	178036	minneapolis	7000	7568.995286487298	4789.687074829932	6227.702902964627	9121.141592920354	6900
legacy	2005	71000	minneapolis	7500	5413.004602052193	7276.251040221914	5876.824848622273	6418.04289544236	4000
impreza-wrx	2008	140000	minneapolis	13000	10311.348609482122	7276.251040221914	10249.632736980984	9121.141592920354	8999
outback	2011	162000	minneapolis	7000	11092.451550166126	11650.57939914163	8512.575430342094	7574.452145214522	9900
forester	2009	144500	minneapolis	7900	8410.150169575032	7276.251040221914	6968.390556095072	6524.113964686999	6900
forester-xt	2005	165632	minneapolis	4900	6824.39274391879	4789.687074829932	5456.090658553083	9804.4	5500
legacy	2005	168000	minneapolis	5000	5026.991587881645	4789.687074829932	3284.0436582800303	6418.04289544236	4000
forester-xt	2004	207	minneapolis	4000	8768.499560361188	7276.251040221914	9150.96112130751	9804.4	5900
impreza-wrx	2005	178036	minneapolis	7000	7568.995286487298	4789.687074829932	6227.702902964627	9121.141592920354	6900
impreza	2006	161000	minneapolis	3900	4765.627881500712	4789.687074829932	3777.5719419097277	6655.659942363112	4750
forester-xt	2009	83769	atlanta	12999	10302.446964996054	7276.251040221914	11850.568432872557	9804.4	9900
outback	2017	34932	atlanta	29999	16708.597403219545	18539.40404040404	23295.9922064435	7574.452145214522	24900
outback	2002	190000	missoula	2300	5141.381772183482	2417.3728222996515	2965.0647918578097	7574.452145214522	2500
outback	2002	285000	missoula	1900	4959.566244753438	2417.3728222996515	1685.072383137439	7574.452145214522	2500
outback	2015	68900	missoula	19750	17012.62853036944	18539.40404040404	18900.917795464367	7574.452145214522	17750
impreza	1998	175000	minneapolis	800	-2297.36121606642	2417.3728222996515	2394.3952971322406	6655.659942363112	2500
legacy	2007	186729	minneapolis	4200	6736.004654145541	4789.687074829932	3905.468830129623	6418.04289544236	5000
outback	1997	239000	minneapolis	1100	-1376.7178148764087	2417.3728222996515	1202.5017333400956	7574.452145214522	1200
forester	2009	143400	minneapolis	7900	8413.57585031976	7276.251040221914	7004.609428089916	6524.113964686999	6900
legacy-outback	1999	202000	missoula	1999	2841.100737797912	2417.3728222996515	2534.194094005781	3175.4347826086955	1450
forester	2010	119000	atlanta	7500	9035.08242192587	7276.251040221914	8252.311718695468	6524.113964686999	7100
outback	2004	207000	minneapolis	1800	4835.143112495631	4789.687074829932	2413.9821665747895	7574.452145214522	3999.5
forester-xt	2010	146400	minneapolis	8200	11270.730466156614	7276.251040221914	9607.328343177582	9804.4	9900
forester	2005	180000	minneapolis	1500	4798.85979227327	4789.687074829932	3607.2285654702273	6524.113964686999	3700
impreza	2013	97100	atlanta	9995	10799.39177605644	11650.57939914163	9237.406188929424	6655.659942363112	10299
legacy	2003	125000	minneapolis	2799	3403.128885796807	7276.251040221914	3338.3923013202957	6418.04289544236	2500
impreza	2014	26100	minneapolis	12400	12606.022031428522	11567.134146341463	12653.034796683294	6655.659942363112	11250
legacy	1998	252900	minneapolis	1000	-1303.8174494532245	2417.3728222996515	838.9879951389166	6418.04289544236	1500
forester-xt	2010	146400	minneapolis	8200	11270.730466156614	7276.251040221914	9607.328343177582	9804.4	9900
forester-xt	2009	83769	atlanta	12999	10302.446964996054	7276.251040221914	11850.568432872557	9804.4	9900
wrx	2004	204000	minneapolis	6500	8301.659069428146	4789.687074829932	5723.8517763594755	12931.025862068966	6000
legacy	2005	196000	minneapolis	3600	4957.876749817731	4789.687074829932	2822.7468258193176	6418.04289544236	4000
outback	2005	134116	minneapolis	6400	5907.927416053717	7276.251040221914	4636.99671159555	7574.452145214522	4400
outback	2001	183000	minneapolis	1795	2255.7954440264184	2417.3728222996515	2006.433414820097	7574.452145214522	2450
legacy	2008	165000	minneapolis	6500	7669.672148612379	4789.687074829932	4890.16344076395	6418.04289544236	5800
legacy	2002	167000	atlanta	1500	2054.764432560322	2417.3728222996515	2395.112122503402	6418.04289544236	2200
outback	2003	199151	missoula	2000	5998.491241363397	2417.3728222996515	3060.5690184785035	7574.452145214522	3050
brz	2017	26000	minneapolis	16200	19166.255631198837	18539.40404040404	19446.040868126463	16082.274725274725	18150
legacy-outback	1998	139500	minneapolis	7990	104.65968635355091	2504.294736842105	1554.2138451435576	3175.4347826086955	1500
sti-wrx	2009	46238	atlanta	51000	18828.066544206595	13797.777777777777	20679.907433449684	19286.675213675215	16750
legacy-outback	2002	104759	missoula	4800	5770.0541704047255	7276.251040221914	4051.3883926806802	3175.4347826086955	2550
outback	2001	169000	missoula	1500	4315.694888328521	2417.3728222996515	3134.6218279050054	7574.452145214522	2450
forester	2005	110400	minneapolis	5900	5018.002496027715	7276.251040221914	5569.516532167738	6524.113964686999	3700
impreza	2015	43000	minneapolis	10595	13260.922890910668	11567.134146341463	12624.64613267955	6655.659942363112	12000
forester-xt	2010	146400	minneapolis	7900	11270.730466156614	7276.251040221914	9607.328343177582	9804.4	9900
legacy	2014	72358	minneapolis	14750	13308.323678863224	18539.40404040404	12505.050840262858	6418.04289544236	14500
legacy	1995	189000	minneapolis	1800	-3807.8242959397903	2417.3728222996515	1283.1064080247825	6418.04289544236	1100
forester	2009	170100	minneapolis	6900	8337.026041309078	4789.687074829932	6189.505595852002	6524.113964686999	6900
brz	2013	34000	atlanta	17400	15193.210781861384	18539.40404040404	16558.59124171591	16082.274725274725	15950
impreza	2009	107200	atlanta	5900	7242.240552952066	7276.251040221914	6359.770693442966	6655.659942363112	5950
forester	2011	126000	minneapolis	6000	10227.964070858721	11650.57939914163	9048.582445084654	6524.113964686999	7900
legacy	2011	100563	atlanta	7590	10185.931031307156	11650.57939914163	7747.514076091859	6418.04289544236	7500
brz	2017	7400	atlanta	16999	19385.380541909715	18539.40404040404	19437.155324268133	16082.274725274725	18150
sti-wrx	2016	34000	minneapolis	29000	25453.34512159523	27667.102040816328	27611.206728635836	19286.675213675215	29874.5
forester	2002	176000	minneapolis	2000	2174.3333975563423	2417.3728222996515	2458.1280686393557	6524.113964686999	2700
forester	2009	130000	missoula	7800	10481.769779847167	7276.251040221914	7542.565440501051	6524.113964686999	6900
forester	2000	200000	minneapolis	500	360.61564878147544	2417.3728222996515	1541.782716975974	6524.113964686999	1947.5
forester	2007	140000	minneapolis	4250	6667.93132747532	7276.251040221914	5798.2162587872735	6524.113964686999	5998
forester	2009	170120	minneapolis	6900	8336.973329213977	4789.687074829932	6188.940986721953	6524.113964686999	6900
forester-xt	2009	83769	atlanta	12999	10302.446964996054	7276.251040221914	11850.568432872557	9804.4	9900
forester	2002	178	minneapolis	2400	5068.376062979771	7276.251040221914	1653.5141167129568	6524.113964686999	2700
outback	2011	214000	minneapolis	7700	10967.635928123847	11650.57939914163	7021.279734499363	7574.452145214522	9900
forester	2004	200000	minneapolis	800	3873.418579515636	4789.687074829932	2742.5830132010597	6524.113964686999	3200
outback	2006	174000	minneapolis	4800	6669.410032777767	4789.687074829932	4106.207493352609	7574.452145214522	4997.5
sti-wrx	2016	8200	minneapolis	29999	26087.244584999295	27667.102040816328	30482.303494547385	19286.675213675215	29874.5
forester	1999	296600	atlanta	1000	-1034.594635787625	2417.3728222996515	872.4222657648843	6524.113964686999	1750
outback	2004	145000	atlanta	3995	4654.446018598921	7276.251040221914	4058.0323168859195	7574.452145214522	3999.5
forester	2008	128000	minneapolis	5995	7586.302619592947	7276.251040221914	6851.320491791508	6524.113964686999	6700
impreza-wrx	2003	195000	minneapolis	4900	5771.786375484111	2417.3728222996515	4311.705882216102	9121.141592920354	5500
forester-xt	2002	4195	missoula	27302	7852.729942324411	7276.251040221914	20951.52072071335	9804.4	6200
forester	2009	144500	minneapolis	7900	8410.150169575032	7276.251040221914	6968.390556095072	6524.113964686999	6900
forester-xt	2010	146400	minneapolis	7900	11270.730466156614	7276.251040221914	9607.328343177582	9804.4	9900
outback	2003	208000	atlanta	2800	3614.479845350963	2417.3728222996515	2349.319307361574	7574.452145214522	3050
forester	2004	143000	atlanta	3500	3683.5227897548234	7276.251040221914	3868.599556159801	6524.113964686999	3200
wrx	2004	83200	atlanta	9500	8363.381146137706	7276.251040221914	8708.9757600112	12931.025862068966	6000
legacy	2001	247000	minneapolis	300	1341.3702310508183	2417.3728222996515	1135.274763467849	6418.04289544236	2000
wrx	2013	62000	atlanta	18500	16398.944554685968	18539.40404040404	18327.316857178535	12931.025862068966	18950
forester	2001	152237	atlanta	2580	1020.8596022290772	2417.3728222996515	2741.164466913585	6524.113964686999	2350
sti-wrx	2011	104000	minneapolis	21000	20561.67235427366	11650.57939914163	18902.325602559577	19286.675213675215	20435
outback	2002	40000	minneapolis	10800	3815.2748554828595	7276.251040221914	7150.561440450604	7574.452145214522	2500
outback	2001	238000	minneapolis	800	2137.9652790661057	2417.3728222996515	1213.1595402513885	7574.452145214522	2450
forester	2001	152237	atlanta	2580	1020.8596022290772	2417.3728222996515	2741.164466913585	6524.113964686999	2350
impreza	2008	141000	minneapolis	4950	6581.494995056724	7276.251040221914	5027.298992297484	6655.659942363112	5500
legacy	2008	106503	minneapolis	7000	7865.910345928776	7276.251040221914	6411.073312728677	6418.04289544236	5800
impreza	2015	43300	minneapolis	10395	13257.811158539276	11567.134146341463	12612.01363309781	6655.659942363112	12000
impreza	2008	137700	missoula	6200	8616.327802582508	7276.251040221914	6157.826206239814	6655.659942363112	5500
forester	2015	19770	missoula	21500	16593.94680452566	18539.40404040404	17960.445122329147	6524.113964686999	16100
wrx	2009	136000	minneapolis	8500	12874.447043439684	7276.251040221914	11625.171640973556	12931.025862068966	14100
legacy	2002	133000	minneapolis	2100	2497.120257195919	7276.251040221914	2834.4260385038824	6418.04289544236	2200
wrx	2008	74145	atlanta	10999	11927.808841982021	7276.251040221914	12751.101463988447	12931.025862068966	10750
forester	2001	161400	minneapolis	1000	1334.9581359624503	2417.3728222996515	2418.5292115057264	6524.113964686999	2350
legacy-outback	2004	167000	atlanta	2500	4952.898014049975	4789.687074829932	4208.286142475371	3175.4347826086955	4500
outback	2005	207390	minneapolis	3500	5712.499847481704	4789.687074829932	2830.5516266468367	7574.452145214522	4400
impreza-wrx	2006	132700	minneapolis	8999	8578.953060663607	7276.251040221914	8343.769363438108	9121.141592920354	7000
forester	2002	156000	minneapolis	2300	2228.4152125554524	2417.3728222996515	2860.572840049822	6524.113964686999	2700
impreza	2003	130000	minneapolis	3499	2226.9026730920846	7276.251040221914	3362.581818870751	6655.659942363112	3000
impreza	2012	58000	atlanta	11800	10152.04610194418	11567.134146341463	9869.117750958165	6655.659942363112	9500
legacy	2008	180000	minneapolis	5985	7630.660941773036	4789.687074829932	4588.352246587854	6418.04289544236	5800
impreza-wrx	2013	66830	minneapolis	21000	15033.741843058959	18539.40404040404	18766.560403402917	9121.141592920354	18250
outback	2011	117000	missoula	9900	13262.547971212321	11650.57939914163	11269.60790703812	7574.452145214522	9900
sti-wrx	2004	143000	minneapolis	14500	14271.524424174251	13797.777777777777	12982.627176007501	19286.675213675215	12250
legacy	2012	187000	minneapolis	6700	11126.358074739182	11650.57939914163	7211.787435515805	6418.04289544236	7500
forester	1999	184303	minneapolis	1995	-480.9367938675765	2417.3728222996515	1582.9623439789675	6524.113964686999	1750
outback	2007	131200	minneapolis	3589	7674.182815067705	7276.251040221914	6057.483749325424	7574.452145214522	5495
impreza	2008	192000	minneapolis	3000	6443.078777067851	4789.687074829932	4237.713877953041	6655.659942363112	5500
forester	2008	174766	atlanta	4350	7106.390801422958	4789.687074829932	5090.983056112385	6524.113964686999	6700
outback	2006	162000	minneapolis	6100	6701.447886748425	4789.687074829932	4420.281784933105	7574.452145214522	4997.5
impreza	2008	62622	minneapolis	7999	6945.205499310709	7276.251040221914	6988.5943200758165	6655.659942363112	5500
forester	2002	218000	minneapolis	750	2078.375769570454	2417.3728222996515	1748.074545730633	6524.113964686999	2700
impreza	2010	68202	atlanta	5800	8323.072079404748	7276.251040221914	8159.664461158856	6655.659942363112	6700
impreza-wrx	2004	171460	atlanta	6000	6367.366926307086	4789.687074829932	6114.218393329227	9121.141592920354	6500
outback	2002	40000	minneapolis	12800	3815.2748554828595	7276.251040221914	7150.561440450604	7574.452145214522	2500
impreza	2005	210000	minneapolis	3500	3768.296018517843	4789.687074829932	2799.7593199965177	6655.659942363112	4500
forester	2009	170100	minneapolis	6700	8337.026041309078	4789.687074829932	6189.505595852002	6524.113964686999	6900
outback	2005	143211	atlanta	4450	5538.212190444312	7276.251040221914	4563.377407832373	7574.452145214522	4400
forester-xt	2009	83769	atlanta	11999	10302.446964996054	7276.251040221914	11850.568432872557	9804.4	9900
legacy	1996	156883	missoula	3000	-821.9043664818973	2417.3728222996515	1670.5750556334979	6418.04289544236	1375
outback	2003	75000	missoula	2600	6436.216481050138	7276.251040221914	6630.78795251568	7574.452145214522	3050
impreza	2011	63550	minneapolis	6999	9573.218989170238	11567.134146341463	8860.35127012767	6655.659942363112	7500
legacy	1995	164000	missoula	2700	-1719.9956194449524	2417.3728222996515	1535.2738776494662	6418.04289544236	1100
outback	2001	230000	missoula	1500	4177.513502172412	2417.3728222996515	2212.8044949013765	7574.452145214522	2450
forester	2009	170200	minneapolis	6700	8336.762542749462	4789.687074829932	6186.683179540603	6524.113964686999	6900
sti-wrx	2007	128000	atlanta	16500	16615.50029395061	13797.777777777777	14435.834541849907	19286.675213675215	14000
outback	2008	131486	minneapolis	8495	8551.407448239786	7276.251040221914	6834.874439748998	7574.452145214522	6325
forester	2009	162503	minneapolis	6500	8357.510556749801	4789.687074829932	6408.638203357577	6524.113964686999	6900
outback	2003	163000	minneapolis	1500	4064.086723760325	2417.3728222996515	2936.443250835395	7574.452145214522	3050
forester	2001	152237	atlanta	2580	1020.8596022290772	2417.3728222996515	2741.164466913585	6524.113964686999	2350
forester	2011	59000	missoula	13900	12592.154110466427	18539.40404040404	11909.205126948505	6524.113964686999	7900
outback	2001	230000	missoula	1500	4177.513502172412	2417.3728222996515	2212.8044949013765	7574.452145214522	2450
impreza	1999	158000	atlanta	1600	-1713.6461637124598	2417.3728222996515	2167.731617903998	6655.659942363112	2300
legacy	2005	160000	atlanta	4100	4708.564205241104	4789.687074829932	3193.7444677844614	6418.04289544236	4000
forester	2003	240000	minneapolis	4200	2913.464617321874	2417.3728222996515	1713.178648536823	6524.113964686999	2900
forester	2014	38000	minneapolis	10490	13399.485618029625	18539.40404040404	16046.853427831535	6524.113964686999	15900
outback	2003	150000	minneapolis	3650	4101.3487562558785	2417.3728222996515	3241.0331270306187	7574.452145214522	3050
impreza	2012	106000	atlanta	9600	9881.888048247773	11650.57939914163	8312.75352718851	6655.659942363112	9500
outback	2011	112000	missoula	10300	13282.123776983588	11650.57939914163	11514.73241187297	7574.452145214522	9900
outback	2008	69196	missoula	10500	10863.303061689305	7276.251040221914	10869.206629767676	7574.452145214522	6325
outback	2017	30000	minneapolis	29200	17116.969080075072	18539.40404040404	22875.38359205229	7574.452145214522	24900
forester-xt	2004	67400	atlanta	12500	6008.848493278294	7276.251040221914	9214.322697815385	9804.4	5900
legacy	2000	133	minneapolis	2500	3588.389640188922	2504.294736842105	1757.4042787889894	6418.04289544236	1950
legacy-outback	1999	290000	minneapolis	650	654.729818961698	2417.3728222996515	1113.4384272822417	3175.4347826086955	1450
outback	2003	195000	minneapolis	1800	3983.719473970139	2417.3728222996515	2287.398527828889	7574.452145214522	3050
outback	2017	1700	minneapolis	31000	18380.57567702031	18539.40404040404	21447.756995140495	7574.452145214522	24900
forester	2013	80000	minneapolis	12500	12187.942794144617	11650.57939914163	12622.40398175449	6524.113964686999	13900
outback	2000	234000	minneapolis	1700	1267.3650040804114	2417.3728222996515	1176.3900957572941	7574.452145214522	2350
forester	2009	170200	minneapolis	6700	8336.762542749462	4789.687074829932	6186.683179540603	6524.113964686999	6900
impreza	2006	180000	missoula	2000	6739.830445035921	4789.687074829932	4449.175193463701	6655.659942363112	4750
outback	2011	129800	minneapolis	10400	11191.794741308335	11650.57939914163	9700.01042836867	7574.452145214522	9900
forester	2009	170200	minneapolis	6700	8336.762542749462	4789.687074829932	6186.683179540603	6524.113964686999	6900
forester	2002	190000	minneapolis	1000	2140.015809007719	2417.3728222996515	2203.1975476805637	6524.113964686999	2700
forester	2009	170200	minneapolis	6700	8336.762542749462	4789.687074829932	6186.683179540603	6524.113964686999	6900
brz	2013	60000	atlanta	10700	14938.980011837077	18539.40404040404	14565.91716854722	16082.274725274725	15950
sti-wrx	2011	35800	atlanta	21000	20698.963577029972	27667.102040816328	23958.145329001498	19286.675213675215	20435
wrx	2015	49000	minneapolis	21000	18601.019397597513	18539.40404040404	21885.483804747964	12931.025862068966	21000
forester	2009	183400	minneapolis	5900	8303.272701956326	4789.687074829932	5827.3806605552645	6524.113964686999	6900
outback	2003	150000	minneapolis	3650	4101.3487562558785	2417.3728222996515	3241.0331270306187	7574.452145214522	3050
outback	2009	108000	minneapolis	8800	9517.805928604697	7276.251040221914	8682.74647142765	7574.452145214522	8000
outback	2001	183000	minneapolis	1795	2255.7954440264184	2417.3728222996515	2006.433414820097	7574.452145214522	2450
outback	2008	108485	atlanta	7499	8297.295372974453	7276.251040221914	7933.074131102405	7574.452145214522	6325
forester	2010	69210	minneapolis	12975	9618.247940271123	7276.251040221914	10993.714243005086	6524.113964686999	7100
forester	2009	183800	minneapolis	5500	8302.295877869017	4789.687074829932	5816.886539285114	6524.113964686999	6900
brz	2013	52000	minneapolis	15000	15343.362742186448	18539.40404040404	14624.446969342	16082.274725274725	15950
outback	2006	201078	minneapolis	2950	6604.559399885427	4789.687074829932	3475.7285031426463	7574.452145214522	4997.5
impreza	2006	158000	minneapolis	2750	4774.060578761435	4789.687074829932	3823.2212736073343	6655.659942363112	4750
wrx	2003	118000	atlanta	5000	7328.579507649667	7276.251040221914	6864.209878363232	12931.025862068966	5900
impreza	1995	162000	missoula	1900	-2873.1399005006983	2417.3728222996515	2439.681188852822	6655.659942363112	2200
sti-wrx	2011	86000	minneapolis	17000	20646.836921699567	11650.57939914163	19844.19170791279	19286.675213675215	20435
forester	2002	190	minneapolis	2500	5049.418046935885	7276.251040221914	1719.4920791366985	6524.113964686999	2700
impreza-wrx	2006	120000	minneapolis	6000	8624.046743682597	7276.251040221914	8746.504347134929	9121.141592920354	7000
forester	2009	170200	minneapolis	6700	8336.762542749462	4789.687074829932	6186.683179540603	6524.113964686999	6900
legacy	2009	160000	minneapolis	5250	8561.668749664379	4789.687074829932	5630.273428394183	6418.04289544236	6000
forester	2003	278000	atlanta	1400	2507.251409485462	2417.3728222996515	1189.4776028570832	6524.113964686999	2900
outback	2001	120000	atlanta	2500	2104.6745650618104	2504.294736842105	3833.6432480245285	7574.452145214522	2450
impreza-wrx	2007	135039	minneapolis	5900	9449.3212885195	7276.251040221914	9311.952468292346	9121.141592920354	8700
forester	2007	123500	minneapolis	5900	6724.144345475879	7276.251040221914	6348.483678163691	6524.113964686999	5998
sti-wrx	2008	105000	minneapolis	21500	17922.78134454328	13797.777777777777	16611.26652067811	19286.675213675215	16750
outback	2007	212000	minneapolis	3000	7459.043317218691	4789.687074829932	3843.2482916005865	7574.452145214522	5495
forester	2001	135625	minneapolis	2950	1412.9592679202729	2504.294736842105	2953.4375641329243	6524.113964686999	2350
outback	2011	119486	minneapolis	10900	11228.907556084716	11650.57939914163	10139.961191318374	7574.452145214522	9900
forester	2013	121700	minneapolis	9500	11999.92988089788	11650.57939914163	10672.721450647623	6524.113964686999	13900
forester	2009	184050	minneapolis	5500	8301.686441170414	4789.687074829932	5810.3389894094	6524.113964686999	6900
impreza-wrx	2009	127000	minneapolis	11000	11233.235642829573	7276.251040221914	11786.210648132786	9121.141592920354	11499
forester	2009	205000	atlanta	5500	7913.048836154527	4789.687074829932	4973.03200391362	6524.113964686999	6900
impreza	2003	228000	minneapolis	2500	1975.0188826153385	2417.3728222996515	2146.024373316228	6655.659942363112	3000
forester	2000	227000	minneapolis	2500	303.8341123939157	2417.3728222996515	1191.4244760408164	6524.113964686999	1947.5
impreza-wrx	2009	118000	atlanta	8500	10925.880776024524	7276.251040221914	10756.387142535914	9121.141592920354	11499
forester	2009	59000	atlanta	9995	8471.234716043758	7276.251040221914	10507.578315416631	6524.113964686999	6900
legacy	2012	71000	minneapolis	8500	11560.409730836975	18539.40404040404	10872.324121051028	6418.04289544236	7500
outback	2011	108000	minneapolis	8800	11274.207393971777	11650.57939914163	10672.330663273464	7574.452145214522	9900
legacy-outback	2001	219001	minneapolis	700	2537.0518745927407	2417.3728222996515	1906.1117786431796	3175.4347826086955	1800
legacy	2007	158000	minneapolis	7000	6810.906658181484	4789.687074829932	4460.948374122096	6418.04289544236	5000
outback	2004	170283	atlanta	2500	4582.388327127528	4789.687074829932	3400.9385170146443	7574.452145214522	3999.5
outback	2014	47000	minneapolis	17750	14281.504391788343	18539.40404040404	18067.69945943572	7574.452145214522	16500
forester	2002	217083	minneapolis	750	2080.2659080402505	2417.3728222996515	1761.9548248146157	6524.113964686999	2700
forester	2013	156690	minneapolis	8900	11886.644692776112	11650.57939914163	9412.259351882196	6524.113964686999	13900
legacy	2007	118900	atlanta	4900	6598.055997089388	7276.251040221914	4932.065785474031	6418.04289544236	5000
brz	2016	22000	atlanta	22000	18022.382397183042	18539.40404040404	18823.310515926758	16082.274725274725	17200
wrx	2015	13500	minneapolis	27000	19176.935320004166	18539.40404040404	25344.114391328876	12931.025862068966	21000
forester	2001	173500	atlanta	4500	962.2453195213461	2417.3728222996515	2346.715964828595	6524.113964686999	2350
forester-xt	2006	170000	minneapolis	13500	7690.923220285153	4789.687074829932	5944.675036402701	9804.4	5500
sti-wrx	2013	58000	minneapolis	26500	22579.694864334513	27667.102040816328	23308.116134214506	19286.675213675215	24999.5
impreza	2002	90000	minneapolis	6250	1513.512362253557	7276.251040221914	3942.0349139393165	6655.659942363112	3000
impreza	2009	58000	minneapolis	6800	7857.745517582673	7276.251040221914	7744.067715225598	6655.659942363112	5950
impreza	1999	158500	atlanta	1300	-1715.0626672096846	2417.3728222996515	2161.91250412502	6655.659942363112	2300
forester	2009	86220	minneapolis	8900	8641.590632954847	7276.251040221914	9316.762529088135	6524.113964686999	6900
forester	2009	186000	minneapolis	6700	8296.961037557196	4789.687074829932	5759.563486673057	6524.113964686999	6900
sti-wrx	2006	122000	minneapolis	4500	16099.121189790318	13797.777777777777	14645.010410673844	19286.675213675215	13500
outback	2013	102000	minneapolis	13500	13056.22607239305	11650.57939914163	13146.018619528004	7574.452145214522	12900
impreza-wrx	2002	155624	missoula	3500	7018.9299442269	2417.3728222996515	6990.624596354394	9121.141592920354	5300
legacy-outback	1997	182000	missoula	3300	1131.4470250150853	2417.3728222996515	2344.485736222975	3175.4347826086955	1500
legacy	1997	209000	missoula	1000	-72.30787962709383	2417.3728222996515	1373.570586955385	6418.04289544236	1500
forester	2001	194594	missoula	2800	3275.319191404261	2417.3728222996515	2459.2705392257385	6524.113964686999	2350
forester	2006	140000	minneapolis	3900	5789.730594791781	7276.251040221914	5191.004339310584	6524.113964686999	4000
forester	2001	223	minneapolis	1600	4122.87038677694	2504.294736842105	1616.6022056526763	6524.113964686999	2350
forester	2001	162000	minneapolis	1000	1333.2945755214355	2417.3728222996515	2407.103693265083	6524.113964686999	2350
legacy	2013	104000	minneapolis	10000	12267.572750359574	11650.57939914163	10314.883844498076	6418.04289544236	12000
forester	2001	223	minneapolis	1600	4122.87038677694	2504.294736842105	1616.6022056526763	6524.113964686999	2350
outback	2015	104000	missoula	17499	16828.141227453274	11650.57939914163	16545.19936179145	7574.452145214522	17750
outback	2012	87000	missoula	15500	14273.523328124702	11650.57939914163	14058.420312067525	7574.452145214522	11650
legacy	2004	183350	minneapolis	2500	4109.590242689126	4789.687074829932	2634.730352412361	6418.04289544236	3450
sti-wrx	2016	9000	minneapolis	32000	26045.964328708673	27667.102040816328	30452.228351275306	19286.675213675215	29874.5
forester	2010	114884	minneapolis	8396	9391.161737623317	7276.251040221914	8760.958615740228	6524.113964686999	7100
outback	2002	164000	minneapolis	1200	3183.1438903334983	2417.3728222996515	2593.8099324732466	7574.452145214522	2500
forester	2010	126269	minneapolis	8995	9348.807378146119	7276.251040221914	8313.830613042746	6524.113964686999	7100
wrx	2016	28500	minneapolis	19500	19721.670436336117	18539.40404040404	24465.45142488199	12931.025862068966	22125
forester	2008	174766	atlanta	4350	7106.390801422958	4789.687074829932	5090.983056112385	6524.113964686999	6700
wrx	2007	112900	atlanta	1	10861.185671376172	7276.251040221914	10181.848926512204	12931.025862068966	9749.5
forester	2007	191200	minneapolis	3600	6528.196560426632	4789.687074829932	4406.483450335149	6524.113964686999	5998
sti-wrx	2015	62000	atlanta	27000	23965.92636373372	27667.102040816328	25831.805878517116	19286.675213675215	29750
forester	2009	86050	minneapolis	8900	8642.474996532537	7276.251040221914	9325.225933723494	6524.113964686999	6900
forester	2004	90600	minneapolis	2800	4228.382736635716	7276.251040221914	5716.66733612606	6524.113964686999	3200
outback	2005	150000	minneapolis	6250	5857.750221622959	4789.687074829932	4169.016349056136	7574.452145214522	4400
wrx	2014	82000	minneapolis	15995	17492.19960283439	11650.57939914163	18819.29457005249	12931.025862068966	20250
outback	2006	226000	minneapolis	2650	6552.167887164571	4789.687074829932	2973.7848718896475	7574.452145214522	4997.5
forester	1999	159602	minneapolis	1925	-416.4209290144878	2417.3728222996515	1950.3629630736568	6524.113964686999	1750
outback	2011	98000	atlanta	13500	10977.451704380677	11650.57939914163	11378.964048552849	7574.452145214522	9900
wrx	2009	135000	minneapolis	13500	12877.755364368828	7276.251040221914	11659.790060986303	12931.025862068966	14100
outback	2003	199151	missoula	1500	5998.491241363397	2417.3728222996515	3060.5690184785035	7574.452145214522	3050
legacy	1994	180000	missoula	1100	-2639.9330004300514	2417.3728222996515	1409.611184566921	6418.04289544236	1500
brz	2013	56000	atlanta	14200	14969.877334114837	18539.40404040404	14843.75590338789	16082.274725274725	15950
forester	2011	115800	minneapolis	6900	10265.802886161477	11650.57939914163	9454.807570245943	6524.113964686999	7900
legacy-outback	2015	34000	atlanta	15000	15326.073822063978	18539.40404040404	14785.908993622335	3175.4347826086955	15500
forester	2014	71000	atlanta	18500	12779.310631065799	18539.40404040404	13581.307346928916	6524.113964686999	15900
legacy	2013	124050	minneapolis	7700	12188.555895956692	11650.57939914163	9633.512132567872	6418.04289544236	12000
outback	2005	274000	minneapolis	1900	5587.603435612218	4789.687074829932	1724.6341055417552	7574.452145214522	4400
legacy	2000	215000	minneapolis	1000	525.3867384302033	2417.3728222996515	1282.5837753773912	6418.04289544236	1950
wrx	2014	48000	minneapolis	22500	17732.04957259556	18539.40404040404	21151.614813535765	12931.025862068966	20250
forester-xt	2009	83769	atlanta	11999	10302.446964996054	7276.251040221914	11850.568432872557	9804.4	9900
forester	2006	131000	atlanta	4500	5479.214672062164	7276.251040221914	5187.730474881948	6524.113964686999	4000
forester	2007	160292	minneapolis	6450	6607.250882980936	4789.687074829932	5196.531914043198	6524.113964686999	5998
wrx	2014	59356	atlanta	14500	17296.663898182305	18539.40404040404	19361.25139837603	12931.025862068966	20250
legacy	2015	66000	missoula	17200	16251.939981988535	18539.40404040404	16606.040300617868	6418.04289544236	15995
outback	2003	109200	missoula	4995	6267.8653822842425	7276.251040221914	5259.2600824443925	7574.452145214522	3050
outback	2006	180000	missoula	5950	8678.426488132574	4789.687074829932	4775.783368362732	7574.452145214522	4997.5
forester	2010	159000	minneapolis	6795	9245.481356415637	4789.687074829932	7197.764087643323	6524.113964686999	7100
legacy	2005	165000	minneapolis	4400	5035.069950561758	4789.687074829932	3338.4619507456973	6418.04289544236	4000
forester	2007	154	atlanta	3800	9159.5813595645	7276.251040221914	5041.390700781247	6524.113964686999	5998
sti-wrx	2017	31000	atlanta	30000	26032.55619826428	27667.102040816328	30243.095010027937	19286.675213675215	29999
forester	2011	115900	minneapolis	6900	10265.415989815934	11650.57939914163	9450.685624065083	6524.113964686999	7900
forester	2009	104900	minneapolis	8700	8553.709097256831	7276.251040221914	8453.409816657771	6524.113964686999	6900
brz	2014	46500	atlanta	15750	15931.310355607926	18539.40404040404	16024.48386280581	16082.274725274725	16000
legacy	1997	212000	missoula	700	-78.69839061037874	2417.3728222996515	1352.9042240645676	6418.04289544236	1500
legacy	1995	110000	missoula	900	-1540.9627035152052	2504.294736842105	2044.0860375970751	6418.04289544236	1100
forester	2005	74000	atlanta	5500	4856.963948674449	7276.251040221914	6845.517743200537	6524.113964686999	3700
forester	2010	141000	minneapolis	5800	9299.342855711171	7276.251040221914	7783.33252723395	6524.113964686999	7100
forester	2017	24736	minneapolis	22000	16226.05544827991	18539.40404040404	18647.24072707588	6524.113964686999	17700
wrx	2011	75000	minneapolis	12000	14897.576056392343	11650.57939914163	16389.729898424608	12931.025862068966	15750
legacy-outback	2006	117000	atlanta	8700	6868.807798501461	7276.251040221914	6223.271789824188	3175.4347826086955	4799
sti-wrx	2015	59500	atlanta	24000	23984.35978209054	27667.102040816328	26024.297746364413	19286.675213675215	29750
outback	2000	237000	minneapolis	1900	1261.6526227590457	2417.3728222996515	1142.1681804103991	7574.452145214522	2350
outback	2006	180000	missoula	6500	8678.426488132574	4789.687074829932	4775.783368362732	7574.452145214522	4997.5
outback	2003	170000	missoula	3000	6069.451261805731	2417.3728222996515	3629.0008497027675	7574.452145214522	3050
legacy	2015	69000	missoula	17200	16232.028150644697	18539.40404040404	16474.119603116567	6418.04289544236	15995
outback	2001	185668	atlanta	2500	1909.0042327554404	2417.3728222996515	2438.739574296703	7574.452145214522	2450
wrx	2002	164000	minneapolis	3500	6643.113919573856	2417.3728222996515	5287.621764057354	12931.025862068966	5500
outback	2010	128000	minneapolis	10000	10319.853732769318	7276.251040221914	8774.289661233446	7574.452145214522	8900
outback	2007	159218	minneapolis	5200	7587.414543253386	4789.687074829932	5159.234641056984	7574.452145214522	5495
outback	2007	129	minneapolis	4585	10523.513733640228	7276.251040221914	4537.242326958356	7574.452145214522	5495
impreza	1993	216000	minneapolis	750	-6782.744474981122	2417.3728222996515	2735.3023773552977	6655.659942363112	1900
impreza-wrx	2002	141000	atlanta	4000	4698.6519298769945	7276.251040221914	5930.139201343192	9121.141592920354	5300
outback	2009	145750	atlanta	8995	9043.136875975242	7276.251040221914	7205.379682414692	7574.452145214522	8000
forester	2010	163450	minneapolis	6900	9233.106184800787	4789.687074829932	7062.326434733607	6524.113964686999	7100
forester	2012	61000	minneapolis	12000	11431.208488141854	18539.40404040404	13017.135609805267	6524.113964686999	9500
legacy	2010	92085	atlanta	3850	9347.199072848623	7276.251040221914	7459.522111255751	6418.04289544236	6500
forester	2001	153000	minneapolis	1800	1358.9199202838577	2417.3728222996515	2583.089481183806	6524.113964686999	2350
impreza-wrx	2003	133000	minneapolis	9500	5943.338587753575	7276.251040221914	5678.831937612213	9121.141592920354	5500
legacy	1993	145000	missoula	600	-3421.1948082245776	2504.294736842105	1655.2855708958614	6418.04289544236	1450
wrx	2003	130000	minneapolis	2000	7625.468745429096	7276.251040221914	6708.828744842749	12931.025862068966	5900
wrx	1998	207000	atlanta	6750	2685.6071319456332	2417.3728222996515	3377.265913716107	12931.025862068966	2500
brz	2013	34000	atlanta	17400	15193.210781861384	18539.40404040404	16558.59124171591	16082.274725274725	15950
brz	2015	55000	atlanta	18500	16734.34747535327	18539.40404040404	15865.27111736095	16082.274725274725	15999.5
outback	1998	143000	atlanta	1800	-608.5319585371305	2504.294736842105	3043.567487147394	7574.452145214522	1900
impreza-wrx	2006	132700	minneapolis	8999	8578.953060663607	7276.251040221914	8343.769363438108	9121.141592920354	7000
legacy	2012	75905	minneapolis	9950	11530.482402216607	11650.57939914163	10637.855021153295	6418.04289544236	7500
forester-xt	2005	173000	atlanta	6000	6464.577906931485	4789.687074829932	6303.071277550796	9804.4	5500
impreza	2002	170	atlanta	2800	3779.726978310467	7276.251040221914	3359.0417586170743	6655.659942363112	3000
outback	2001	196	minneapolis	2100	5139.180164196481	2504.294736842105	1940.1621651087344	7574.452145214522	2450
wrx	2002	164000	minneapolis	3500	6643.113919573856	2417.3728222996515	5287.621764057354	12931.025862068966	5500
impreza	2006	151000	minneapolis	4475	4794.376106872858	4789.687074829932	3933.2363425853628	6655.659942363112	4750
outback	1998	160000	minneapolis	2000	-318.5886134944211	2417.3728222996515	2050.5114401856636	7574.452145214522	1900
outback	2007	129546	minneapolis	4695	7679.869851713143	7276.251040221914	6116.298820623382	7574.452145214522	5495
forester	2001	121000	minneapolis	NA	1464.106722855337	2504.294736842105	3301.5484768051947	6524.113964686999	2350
legacy	2006	94726	minneapolis	4200	6162.026330385901	7276.251040221914	5569.9012749402855	6418.04289544236	5000
outback	2006	187000	minneapolis	3400	6637.104374998085	4789.687074829932	3791.081736058025	7574.452145214522	4997.5
impreza	2008	117356	minneapolis	5700	6663.771659211292	7276.251040221914	5492.769025872634	6655.659942363112	5500
impreza	2014	30555	missoula	8500	14559.79084406261	11567.134146341463	13471.60377548499	6655.659942363112	11250
sti-wrx	2016	37000	minneapolis	28000	25415.51882568321	27667.102040816328	27290.84877422751	19286.675213675215	29874.5
outback	2007	166200	missoula	6500	9592.389605116994	4789.687074829932	5789.274461582674	7574.452145214522	5495
legacy	2006	94726	minneapolis	4200	6162.026330385901	7276.251040221914	5569.9012749402855	6418.04289544236	5000
legacy-outback	2008	106400	missoula	6000	11032.29243110583	7276.251040221914	7058.2291733708025	3175.4347826086955	6500
outback	2004	175000	atlanta	3500	4570.137609442363	4789.687074829932	3290.3228401311853	7574.452145214522	3999.5
forester	2004	200000	atlanta	4350	3533.116965826523	4789.687074829932	2607.48791333192	6524.113964686999	3200
sti-wrx	2008	238000	missoula	23900	19580.13709613839	4789.687074829932	16078.807945898758	19286.675213675215	16750
outback	2005	109350	missoula	7500	8023.651616078534	7276.251040221914	6344.451681608893	7574.452145214522	4400
wrx	2015	46000	atlanta	20500	18289.000653783736	18539.40404040404	21088.902117372578	12931.025862068966	21000
outback	2014	34600	missoula	18500	16442.784872076612	18539.40404040404	21033.420773017584	7574.452145214522	16500
wrx	2016	36500	atlanta	15499	19270.723885512656	18539.40404040404	22528.440987166992	12931.025862068966	22125
outback	2001	176243	atlanta	1500	1932.3620948811551	2417.3728222996515	2600.909798031965	7574.452145214522	2450
legacy-outback	2005	165689	atlanta	4000	5834.632212123004	4789.687074829932	4882.623036964225	3175.4347826086955	4774.5
forester	2002	175000	missoula	1000	4201.104425321581	2417.3728222996515	2887.431069262282	6524.113964686999	2700
