price	model1_est	model2_est	model3_est	model4_est	model5_est
25250	14859.217320318208	17750	20315.5972065189	7574.452145214522	18539.40404040404
2995	4598.427098330902	3999.5	3546.300366582931	7574.452145214522	4789.687074829932
4000	9138.567440055534	5500	5892.919308134426	12931.025862068966	7276.251040221914
3500	4708.882947996288	3700	2792.581742107207	6524.113964686999	4789.687074829932
11000	15986.948168379595	13500	13593.191476818887	19286.675213675215	4789.687074829932
12800	14016.41241601112	12000	13935.088402930724	6655.659942363112	11567.134146341463
18500	16091.273943101798	16200	17947.595807223126	6418.04289544236	18539.40404040404
30000	15813.317658829017	12500	18672.353208292407	19286.675213675215	13797.777777777777
1300	-2105.4267077884356	1500	1087.7030614543455	6418.04289544236	2417.3728222996515
26400	15386.658735594528	17195	18328.618611102404	6524.113964686999	18539.40404040404
22000	15189.229347948216	17750	19450.793232902535	7574.452145214522	18539.40404040404
9000	17906.16459017048	12500	12922.39884950504	19286.675213675215	13797.777777777777
5500	5854.709099063422	5900	4290.743906183765	9804.4	4789.687074829932
3300	1935.5354113917422	2450	2623.06020666931	7574.452145214522	2417.3728222996515
3250	1355.6478247324544	2000	3233.791420671866	6418.04289544236	2504.294736842105
5697	4001.8625985981143	2350	3565.9937920048314	7574.452145214522	2504.294736842105
2100	3540.152305398138	3050	1758.8106993444717	7574.452145214522	2417.3728222996515
7498	8024.728942455195	6900	6152.15106335279	6524.113964686999	4789.687074829932
2950	2811.6361132372754	2900	3539.3067424680066	6524.113964686999	7276.251040221914
7000	-23.102212759348276	2950	2057.7504669637847	6655.659942363112	2417.3728222996515
5700	4820.992660113314	3999.5	5594.986296962868	7574.452145214522	7276.251040221914
2900	4053.2174752931187	3050	2847.9514969429947	7574.452145214522	2417.3728222996515
5999	8041.268611623784	6900	6326.177001057767	6524.113964686999	4789.687074829932
9850	10972.883839762702	9749.5	8327.930595145928	12931.025862068966	4789.687074829932
11950	15332.81081805742	15950	14530.102363835067	16082.274725274725	18539.40404040404
5500	6097.0709480535315	5000	5110.7592993709295	6418.04289544236	7276.251040221914
4700	5005.701242358666	3999.5	3892.9380211806256	7574.452145214522	7276.251040221914
39500	27172.335441436335	29999	30759.853703311666	19286.675213675215	27667.102040816328
1400	-992.4573765054424	1750	1083.5220438275392	6524.113964686999	2417.3728222996515
7000	9628.220392610081	5495	6169.945535893938	7574.452145214522	4789.687074829932
19900	16546.230100818888	16100	17826.282219317538	6524.113964686999	18539.40404040404
5000	2714.787228949534	2900	2777.5734015149164	6524.113964686999	2417.3728222996515
16000	14841.49736524911	15750	15817.530988105798	12931.025862068966	11650.57939914163
8250	7433.214875268735	5950	7471.156394180449	6655.659942363112	7276.251040221914
1200	4041.774765554743	2350	1913.29547675706	6524.113964686999	2504.294736842105
3500	4995.725923243181	5300	4458.780737933593	9121.141592920354	2417.3728222996515
7990	11637.004669321535	13900	10165.294064086176	6524.113964686999	11650.57939914163
1500	3343.882677483226	2350	2751.49544713708	6524.113964686999	2417.3728222996515
9350	7706.463763887554	5800	5175.869011612685	6418.04289544236	4789.687074829932
9500	3383.026575521011	2500	4121.4592521598815	7574.452145214522	7276.251040221914
8500	9502.560645816544	7100	9896.11597871327	6524.113964686999	7276.251040221914
4499	5718.323021407121	2500	4219.117413195383	7574.452145214522	7276.251040221914
5900	9105.207242542994	6500	5361.749180499761	6418.04289544236	4789.687074829932
4000	5875.574099045787	5000	5662.07310396351	6418.04289544236	7276.251040221914
700	-782.2607733650271	1500	1394.695508002661	3175.4347826086955	2504.294736842105
11000	11205.074560123308	9749.5	10593.306930230221	12931.025862068966	7276.251040221914
1599	-287.92078495136013	1750	2683.4105191180124	6524.113964686999	2504.294736842105
2300	1393.482834329347	2000	1386.5061423759153	6418.04289544236	2417.3728222996515
1100	-4255.2439063864185	1100	1547.9972063774649	6418.04289544236	2417.3728222996515
3200	4712.220987400777	2700	3914.024286638828	6524.113964686999	7276.251040221914
15000	5249.476863852842	5500	6671.355215905201	12931.025862068966	2504.294736842105
2500	6172.225543155533	5998	3954.989821442574	6524.113964686999	4789.687074829932
9999	9934.961109362808	6500	10195.030593162517	6418.04289544236	7276.251040221914
2700	4942.142451691385	4000	2719.026761341961	6418.04289544236	4789.687074829932
9900	13425.262462750303	12000	13213.093921852309	6655.659942363112	11567.134146341463
2300	1478.3015242602	2000	1812.0082645141865	6418.04289544236	2417.3728222996515
6000	5185.515672692073	2900	3741.5751322432134	6524.113964686999	7276.251040221914
3200	4712.220987400777	2700	3914.024286638828	6524.113964686999	7276.251040221914
7999	7876.432268017834	5950	9429.025928253825	6655.659942363112	7276.251040221914
16500	15873.15558316173	16000	15545.689458053666	16082.274725274725	18539.40404040404
700	1311.6838332628872	2350	2258.7177482623165	6524.113964686999	2417.3728222996515
8000	10955.344221685244	9749.5	8157.339890038203	12931.025862068966	4789.687074829932
3100	3303.8148966881386	2500	2735.2982849980835	6418.04289544236	2417.3728222996515
2000	7486.216374048616	5495	4119.18234626508	7574.452145214522	4789.687074829932
10500	7775.585508196711	5900	7897.439391255053	12931.025862068966	7276.251040221914
2500	935.9007871365652	2350	2170.6106316560663	6524.113964686999	2417.3728222996515
5700	9108.0537386723	6500	5386.754722812961	6418.04289544236	4789.687074829932
1600	1938.104755670953	2450	2641.014723994399	7574.452145214522	2417.3728222996515
6500	6403.257290331634	5500	3557.4785604398267	12931.025862068966	2417.3728222996515
28000	16138.487526199957	19350	24486.420293435942	7574.452145214522	18539.40404040404
6200	7268.5509470657	6700	6735.723080111018	6524.113964686999	7276.251040221914
7500	9637.930270284649	7500	9178.226833732686	6655.659942363112	11567.134146341463
7500	6624.856224305582	5500	5273.424141042242	6655.659942363112	7276.251040221914
11950	15332.81081805742	15950	14530.102363835067	16082.274725274725	18539.40404040404
4500	9347.199072848623	6500	7459.522111255751	6418.04289544236	7276.251040221914
1000	1922.9048956592853	2450	2535.061620749706	7574.452145214522	2417.3728222996515
2900	4960.170242977076	4000	2837.9105731213194	6418.04289544236	4789.687074829932
9999	9934.961109362808	6500	10195.030593162517	6418.04289544236	7276.251040221914
13200	16328.721893117141	16100	16930.22721820108	6524.113964686999	18539.40404040404
3500	1857.1656453654891	2700	2665.558652591967	6524.113964686999	2417.3728222996515
5499	7150.3220407417975	5950	5793.5254892448265	6655.659942363112	7276.251040221914
4750	-249.63615345614528	1750	2899.4789202109214	6524.113964686999	2504.294736842105
10000	8880.450375061992	6700	9038.205220878011	6655.659942363112	7276.251040221914
1900	492.16497413872673	1950	1133.607893915926	6418.04289544236	2417.3728222996515
4500	4572.706953721574	3999.5	3313.4910343202782	7574.452145214522	4789.687074829932
1200	2341.9594507445004	2200	1962.3524580063486	6418.04289544236	2417.3728222996515
3500	3472.8699980818615	4500	2920.1948033463295	6655.659942363112	4789.687074829932
8500	7539.4827097695015	6900	8793.401392429667	9121.141592920354	7276.251040221914
3000	1183.751045020463	2350	3367.0968952768335	7574.452145214522	2504.294736842105
16500	14815.885028742432	15750	15551.356651067457	12931.025862068966	11650.57939914163
10000	11310.926744102862	11499	12515.60435934982	9121.141592920354	7276.251040221914
24500	20520.965510598096	22999	24519.809571588306	12931.025862068966	18539.40404040404
3900	5037.795392023976	4000	3356.840666771064	6418.04289544236	4789.687074829932
7599	9731.353703779965	6500	8691.488401973087	6418.04289544236	7276.251040221914
5995	4481.555563148908	3700	3598.60645184835	6524.113964686999	4789.687074829932
5700	9131.50029126988	6500	5592.727832194029	6418.04289544236	4789.687074829932
700	2826.7326000666017	2500	2865.655140773287	7574.452145214522	2417.3728222996515
4650	4887.07884242748	3700	4406.052129305667	6524.113964686999	7276.251040221914
19000	18713.961656218515	17200	19948.78965688178	16082.274725274725	18539.40404040404
18900	18096.421251574022	20250	23751.962227067306	12931.025862068966	18539.40404040404
15900	14128.34360362034	16100	15607.252388780838	6524.113964686999	18539.40404040404
7900	403.8680149914094	1947.5	4179.700516243981	6524.113964686999	2504.294736842105
4599	3480.974695625183	2350	3348.061457455099	6524.113964686999	2504.294736842105
2000	5312.517126052768	4000	3625.053097068433	6524.113964686999	4789.687074829932
3999	5718.323021407121	2500	4219.117413195383	7574.452145214522	7276.251040221914
6500	7689.107390865025	5800	5040.998689613354	6418.04289544236	4789.687074829932
700	2050.4658910242856	2700	1543.8324515080058	6524.113964686999	2417.3728222996515
11000	11205.074560123308	9749.5	10593.306930230221	12931.025862068966	7276.251040221914
13500	7464.719972187115	5800	5304.845009904826	6418.04289544236	7276.251040221914
5100	3366.269957696217	2500	3993.4696408979726	7574.452145214522	7276.251040221914
2300	6616.007590570149	4997.5	3586.385906096618	7574.452145214522	4789.687074829932
12000	10728.720293456274	6325	9422.23287178963	7574.452145214522	7276.251040221914
1500	635.2071576254939	1500	2224.0811748902634	6524.113964686999	2417.3728222996515
5980	7663.914871575795	5950	6741.191604839181	6655.659942363112	7276.251040221914
11950	14262.282524799595	16500	17882.330629630436	7574.452145214522	18539.40404040404
4900	8223.319403648178	6900	4967.797696141012	6524.113964686999	4789.687074829932
14400	16010.030922520138	16000	16615.207279660986	16082.274725274725	18539.40404040404
24000	14075.688738885265	16500	20126.523998757646	7574.452145214522	18539.40404040404
5000	5026.991587881645	4000	3284.0436582800303	6418.04289544236	4789.687074829932
850	-3011.769866891103	1375	1008.4489523882839	6418.04289544236	2417.3728222996515
1200	994.7323997458864	2350	2158.7981870064395	7574.452145214522	2417.3728222996515
8000	8587.013130114407	5998	5094.607315039779	6524.113964686999	4789.687074829932
500	1057.3797753367498	1100	1348.6114211067124	6418.04289544236	2504.294736842105
6750	7549.117720632654	5950	6098.732425125923	6655.659942363112	7276.251040221914
4995	7407.430299455957	6700	5007.895634375607	6524.113964686999	4789.687074829932
2500	46.281490128018504	1950	967.4558571673897	6418.04289544236	2417.3728222996515
4499	6280.5709036454555	5998	5019.669414639649	6524.113964686999	4789.687074829932
5497	4001.8625985981143	2350	3565.9937920048314	7574.452145214522	2504.294736842105
6000	6219.531641385387	4774.5	4331.87255732405	3175.4347826086955	4789.687074829932
5200	5514.676877474152	5900	5211.867958269993	9804.4	4789.687074829932
15900	14128.34360362034	16100	15607.252388780838	6524.113964686999	18539.40404040404
7400	8751.66086172976	6700	8458.279318663017	6655.659942363112	7276.251040221914
600	-6875.7760133093	1900	2507.3838997244575	6655.659942363112	2417.3728222996515
7950	7742.608518688252	5950	7163.100148580725	6655.659942363112	7276.251040221914
12995	10217.793632497378	7900	11980.754303959191	6524.113964686999	18539.40404040404
9900	13148.59770575003	12900	14232.406221744117	7574.452145214522	11650.57939914163
1500	2442.1104383314737	3725	1809.9632098267384	6655.659942363112	4789.687074829932
19000	16998.19513043447	15999.5	17755.30028815286	16082.274725274725	18539.40404040404
9000	9785.904281883853	6500	9112.550445234541	6418.04289544236	7276.251040221914
3900	3223.4469947829	2500	2899.9851644133714	7574.452145214522	2417.3728222996515
2600	6592.375180439365	4750	3822.4187698878195	6655.659942363112	4789.687074829932
1000	880.405487411691	1500	1790.578066882721	6418.04289544236	2417.3728222996515
4100	4715.060640284158	1800	3276.8804767612764	3175.4347826086955	2417.3728222996515
8250	7433.214875268735	5950	7471.156394180449	6655.659942363112	7276.251040221914
7850	8150.618511188366	6325	6222.896042628793	7574.452145214522	4789.687074829932
7300	7500.502692390108	6700	5973.667566978928	6524.113964686999	4789.687074829932
4500	5467.742929648934	5900	4850.992187647977	9804.4	4789.687074829932
1800	1671.3076364387912	2700	1337.3185691254894	6524.113964686999	2417.3728222996515
2450	-1506.3496842017153	1500	1818.804663376929	6418.04289544236	2417.3728222996515
4500	6395.649340617387	4997.5	4892.458233927958	7574.452145214522	4789.687074829932
5500	7694.0748525833405	5800	5079.585851506497	6418.04289544236	4789.687074829932
2000	-192.9253977661242	1350	2450.331539309572	7574.452145214522	2417.3728222996515
7999	8593.170835292016	5500	6047.4345653925975	6655.659942363112	7276.251040221914
2400	-2873.1399005006983	2200	2439.681188852822	6655.659942363112	2417.3728222996515
5999	11363.41926902892	7500	9264.088491401628	6418.04289544236	11650.57939914163
5000	5863.767834118244	4400	4225.0865873597895	7574.452145214522	4789.687074829932
15900	14128.006115332957	16100	15604.579814702756	6524.113964686999	18539.40404040404
2195	1554.7642072203823	1900	2233.318471504136	7574.452145214522	2417.3728222996515
1300	755.229157719662	1500	1338.778969636879	6418.04289544236	2417.3728222996515
7500	5904.613801118465	5500	5368.113668609826	9121.141592920354	7276.251040221914
12995	13495.391048273237	14100	12975.511171658796	12931.025862068966	7276.251040221914
3900	4999.409325966668	3999.5	3837.708147378463	7574.452145214522	7276.251040221914
3500	5911.673151606683	4400	4671.948020842615	7574.452145214522	7276.251040221914
6500	6566.639929190058	5500	4722.520862850343	12931.025862068966	2417.3728222996515
6400	6675.0317190585065	5998	5868.162648014835	6524.113964686999	7276.251040221914
7500	16914.231040960683	14000	14640.561693177788	19286.675213675215	13797.777777777777
3900	4999.409325966668	3999.5	3837.708147378463	7574.452145214522	7276.251040221914
22000	14878.587438974691	17195	17368.86192161104	6524.113964686999	18539.40404040404
6500	9267.803801158983	6500	6188.613527058707	9121.141592920354	7276.251040221914
16000	15184.09510103583	15950	16499.5333323634	16082.274725274725	18539.40404040404
5600	4978.870129772009	5300	4330.594248481183	9121.141592920354	2417.3728222996515
6000	6584.271473504281	5500	4852.014961482639	12931.025862068966	2417.3728222996515
7700	9637.930270284649	7500	9178.226833732686	6655.659942363112	11567.134146341463
700	481.0443699805387	1450	1686.0235808456155	3175.4347826086955	2417.3728222996515
18250	16265.723133269441	15995	16695.853541963337	6418.04289544236	18539.40404040404
2900	5782.340183967642	3200	2596.0227503797714	6524.113964686999	4789.687074829932
3500	7767.892327488049	4400	3934.1563442556007	7574.452145214522	4789.687074829932
8000	9930.860238795192	5950	8814.80103682011	6655.659942363112	7276.251040221914
7500	8654.184702917644	4997.5	4535.796134278807	7574.452145214522	4789.687074829932
6000	7694.818560105839	5800	5085.363974140069	6418.04289544236	4789.687074829932
5800	7437.236959137119	5300	6067.974517395615	9121.141592920354	7276.251040221914
5000	8631.381202364488	6325	7694.5641574575575	7574.452145214522	7276.251040221914
6500	4971.816958507485	4000	2915.082966891795	6418.04289544236	4789.687074829932
14999	16165.75952632732	15995	16017.486591813038	6418.04289544236	11650.57939914163
17250	16265.723133269441	15995	16695.853541963337	6418.04289544236	18539.40404040404
24500	17951.231412859368	16200	19952.797938964613	6418.04289544236	18539.40404040404
8959	8823.865328710948	6000	7716.8594099584525	6418.04289544236	7276.251040221914
7850	7745.004285583076	5950	7175.656810981805	6655.659942363112	7276.251040221914
6000	7663.914871575795	5950	6741.191604839181	6655.659942363112	7276.251040221914
9900	14087.08503343175	9900	10611.604706183096	9804.4	7276.251040221914
600	2241.330796521597	2450	1906.975569599298	7574.452145214522	2417.3728222996515
6800	6589.249662983188	5500	7330.81413891698	9804.4	7276.251040221914
11995	9263.494303975824	8000	9870.226276277	7574.452145214522	7276.251040221914
3999	8590.833463542767	5250	5053.817476676419	6655.659942363112	7276.251040221914
9999	9934.961109362808	6500	10195.030593162517	6418.04289544236	7276.251040221914
17500	16021.065977169557	12999	14893.67614553203	6655.659942363112	11567.134146341463
6400	5761.9726367162875	5250	4856.962721093079	6655.659942363112	7276.251040221914
6400	6675.0317190585065	5998	5868.162648014835	6524.113964686999	7276.251040221914
850	1212.6892733081627	2350	1582.8975551465346	6524.113964686999	2417.3728222996515
9500	2294.8939133686567	2700	3353.729448400547	6524.113964686999	7276.251040221914
5000	6299.699141770112	5998	5207.314363508074	6524.113964686999	4789.687074829932
4499	6280.5709036454555	5998	5019.669414639649	6524.113964686999	4789.687074829932
2500	4244.470690379758	3050	4417.321407764459	7574.452145214522	7276.251040221914
7000	8428.783859447947	6700	6727.866345811368	6655.659942363112	7276.251040221914
5000	5026.991587881645	4000	3284.0436582800303	6418.04289544236	4789.687074829932
2000	3292.464353563137	2500	2667.0047437959147	6418.04289544236	2417.3728222996515
3500	4948.81826364832	4000	2762.9663460103457	6418.04289544236	4789.687074829932
15000	16407.476072264497	18950	15674.501207274268	12931.025862068966	11650.57939914163
4500	7870.177883783808	6000	5042.789426116618	12931.025862068966	4789.687074829932
1250	4077.9723182590355	2350	1776.9937632221336	6524.113964686999	2504.294736842105
1900	5523.466220429131	4400	4418.294485180202	7574.452145214522	4789.687074829932
6400	6675.0317190585065	5998	5868.162648014835	6524.113964686999	7276.251040221914
15000	11372.886776571568	11499	13084.09292364615	9121.141592920354	7276.251040221914
5700	7991.744230745526	6900	5804.2804210036065	6524.113964686999	4789.687074829932
8900	12809.80207946969	14500	9714.318802776994	6418.04289544236	11650.57939914163
700	1761.4807184043714	2450	1458.0341742366472	7574.452145214522	2417.3728222996515
7000	13280.466934660453	14500	12283.447832106209	6418.04289544236	11650.57939914163
900	-1280.3400946466822	1500	922.7808507769405	6418.04289544236	2417.3728222996515
4500	4008.4174536254163	3200	3895.8005130292477	6524.113964686999	4789.687074829932
3000	5687.6726880091555	5250	4444.922867329722	6655.659942363112	7276.251040221914
1800	3817.9163020586107	4500	3056.220416928555	6655.659942363112	4789.687074829932
19500	14899.633003246907	17750	16406.378841953803	7574.452145214522	11650.57939914163
8900	10300.99874247015	6900	5810.761997538043	9121.141592920354	7276.251040221914
3000	4571.926066131476	1800	2991.790307853491	3175.4347826086955	2417.3728222996515
17900	15089.874729622332	18250	19206.62066134627	9121.141592920354	18539.40404040404
1200	2016.9583550561933	2700	1300.6678194074539	6524.113964686999	2417.3728222996515
250	-3962.7491953947683	1100	875.173944917783	6418.04289544236	2417.3728222996515
9600	18012.34604380389	17200	18785.482190618	16082.274725274725	18539.40404040404
9000	11946.384489488055	10750	10165.73996266865	12931.025862068966	4789.687074829932
7250	8625.237762785315	9900	7066.030403651492	9804.4	4789.687074829932
1900	-1393.8446120114872	1500	1270.7164212453417	6524.113964686999	2417.3728222996515
18500	18158.94375818805	17200	19211.72700354069	16082.274725274725	18539.40404040404
19000	15193.210781861384	15950	16558.59124171591	16082.274725274725	18539.40404040404
9000	4840.185530807101	4000	2062.5328611945224	6418.04289544236	4789.687074829932
11000	11242.179074667358	9900	10296.518498195423	7574.452145214522	11650.57939914163
15750	15907.86686691142	16000	15835.657401134753	16082.274725274725	18539.40404040404
7000	10689.438724341824	6325	8988.436650726306	7574.452145214522	7276.251040221914
6500	7689.107390865025	5800	5040.998689613354	6418.04289544236	4789.687074829932
10500	10408.125086573153	9500	9353.85313237586	6655.659942363112	11567.134146341463
6495	7588.028806174303	5495	5165.586686054037	7574.452145214522	4789.687074829932
1200	-1991.201126358013	1500	1493.5018240144354	6418.04289544236	2417.3728222996515
3400	3059.2555471504315	2500	3370.558535268674	6418.04289544236	7276.251040221914
7200	9582.254192539891	5495	5681.932852269036	7574.452145214522	4789.687074829932
2700	4989.28917459546	4500	4342.674135169605	3175.4347826086955	4789.687074829932
7000	9921.496733868935	8500	8790.703331709876	12931.025862068966	7276.251040221914
800	3153.730423005958	2500	2371.966179245852	7574.452145214522	2417.3728222996515
4500	6577.135486057365	5500	4799.538979274432	12931.025862068966	2417.3728222996515
2495	2748.838511066015	2900	3045.009126450821	6524.113964686999	2417.3728222996515
3400	3059.2555471504315	2500	3370.558535268674	6418.04289544236	7276.251040221914
9900	10507.024192070961	9900	9679.34630260264	9804.4	7276.251040221914
16979	12982.46859987419	14100	15189.845377430713	12931.025862068966	7276.251040221914
8975	10965.785490955097	9749.5	8258.84418983049	12931.025862068966	4789.687074829932
6900	9229.418427790648	7100	7021.913342564289	6524.113964686999	4789.687074829932
16500	15160.247474326872	15950	16340.394616941201	16082.274725274725	18539.40404040404
19500	18308.89776349946	21000	21241.48407307163	12931.025862068966	18539.40404040404
6700	6139.618560112964	5500	4221.173950637625	12931.025862068966	2417.3728222996515
4500	5943.77051077197	3050	2632.1344522912786	7574.452145214522	2417.3728222996515
2700	-1719.9956194449524	1100	1535.2738776494662	6418.04289544236	2417.3728222996515
29302	7852.729942324411	6200	20951.52072071335	9804.4	7276.251040221914
5899	4531.563012360444	4750	4342.726015945716	6655.659942363112	7276.251040221914
19750	17579.37727715644	20250	19711.308431416415	12931.025862068966	18539.40404040404
5800	7977.643345972185	5800	7254.725893018187	6418.04289544236	7276.251040221914
4150	1649.711925025195	2000	4793.163734143346	6418.04289544236	2504.294736842105
4600	2803.603442617996	2500	2688.4989604731454	7574.452145214522	2417.3728222996515
2495	2748.838511066015	2900	3045.009126450821	6524.113964686999	2417.3728222996515
5700	7991.744230745526	6900	5804.2804210036065	6524.113964686999	4789.687074829932
8000	8448.119263025694	6000	6954.728705218887	12931.025862068966	7276.251040221914
17250	16265.723133269441	15995	16695.853541963337	6418.04289544236	18539.40404040404
2750	3900.4399107417325	3200	2973.2875934794583	6524.113964686999	4789.687074829932
22000	16058.219994639037	18950	20782.255529698356	9121.141592920354	18539.40404040404
12000	12125.192438215707	10750	11967.069566352537	12931.025862068966	7276.251040221914
7500	5488.405222770807	4000	6351.6828363705745	6418.04289544236	7276.251040221914
15499	13197.908136583515	12000	12358.661859415894	6655.659942363112	11567.134146341463
7000	8428.783859447947	6700	6727.866345811368	6655.659942363112	7276.251040221914
8500	9829.496489042009	8500	8012.201343143594	12931.025862068966	4789.687074829932
2200	2238.964724133468	2450	1890.7542883198657	7574.452145214522	2417.3728222996515
2300	1204.2471445204378	2000	2403.5039198307077	6418.04289544236	2417.3728222996515
15950	4171.824552543489	3050	7037.857438202753	7574.452145214522	7276.251040221914
4500	3273.404375896397	1450	3442.6128695737298	3175.4347826086955	2504.294736842105
4400	3465.96927286108	2350	3162.903895993807	7574.452145214522	2417.3728222996515
4500	5004.119970771333	3999.5	3879.0558890564516	7574.452145214522	7276.251040221914
9750	2393.251152010626	2700	4072.520464988932	6524.113964686999	7276.251040221914
9000	7589.608380236714	6900	6406.134365685528	9121.141592920354	4789.687074829932
7995	9969.440275179391	7500	5815.710160793598	6418.04289544236	11650.57939914163
8000	9382.051314840175	7100	8665.404882893572	6524.113964686999	7276.251040221914
5300	6990.820109450815	4000	4497.977898129495	6418.04289544236	4789.687074829932
1400	-1967.7895803914885	1100	906.3425762841061	6418.04289544236	2417.3728222996515
2950	5881.821029691389	4000	6050.156811130378	6524.113964686999	7276.251040221914
7500	9558.976427564698	7100	10443.133383307937	6524.113964686999	7276.251040221914
1200	2058.7254677729725	2450	706.6262996502965	7574.452145214522	2417.3728222996515
7500	5906.054082744788	4000	6271.989552559602	6524.113964686999	7276.251040221914
4500	7447.889500730407	6700	5428.669631381386	6524.113964686999	4789.687074829932
3200	2643.844440053285	2900	2224.4520127252254	6524.113964686999	2417.3728222996515
12500	10069.378811014343	7900	10600.408897108075	6524.113964686999	11650.57939914163
7000	9169.141335162069	6500	5923.0735149678585	6418.04289544236	7276.251040221914
5800	5115.1790509907605	4000	3881.719076013652	6418.04289544236	7276.251040221914
1800	-182.34790874398425	1500	1915.1432566156973	6418.04289544236	2504.294736842105
14200	13847.752696971927	14100	13606.974073594822	12931.025862068966	7276.251040221914
1600	2208.3127866826	2450	1681.9149928578827	7574.452145214522	2417.3728222996515
8500	12560.01080228541	7900	11688.482665821391	6524.113964686999	18539.40404040404
1000	4213.408491576013	2450	2446.8798460981952	7574.452145214522	2417.3728222996515
6000	8472.799260825648	6325	5984.3103690048665	7574.452145214522	4789.687074829932
3500	6176.19273039226	5500	4642.904797427624	6655.659942363112	4789.687074829932
2000	-1183.0930614718013	1500	1288.0533769633175	6418.04289544236	2417.3728222996515
9500	9046.527080485417	7100	8371.867943876952	6524.113964686999	7276.251040221914
10500	7878.689404619587	6700	9611.174461176292	6524.113964686999	7276.251040221914
11500	10430.795384255214	8999	11361.620649190507	9121.141592920354	7276.251040221914
2500	1926.272712028229	2450	2558.4822117693184	7574.452145214522	2417.3728222996515
27000	20017.119249275478	22999	22159.45546685246	12931.025862068966	18539.40404040404
7850	6105.619800036398	4000	7996.408701694978	6524.113964686999	7276.251040221914
2600	-4166.4469764759415	2150	2186.258036602604	6655.659942363112	2417.3728222996515
3500	3889.9403558656245	4500	3432.467019715441	6655.659942363112	4789.687074829932
1500	1265.1285149976884	2350	1162.9781040070593	7574.452145214522	2417.3728222996515
10000	9661.782054427213	7100	11380.654640364182	6524.113964686999	7276.251040221914
10000	9527.761205372584	7100	10143.057085095767	6524.113964686999	7276.251040221914
7995	4529.145307789286	4750	4328.779299781299	6655.659942363112	7276.251040221914
5495	7267.101756624836	5495	5444.948103356941	7574.452145214522	4789.687074829932
1300	1906.131895767453	1500	2290.2051057645385	3175.4347826086955	2417.3728222996515
8495	11108.981800827476	9900	8260.036723067416	9804.4	4789.687074829932
3900	6493.8993769407825	5000	4112.261982687306	6418.04289544236	4789.687074829932
4880	7106.390801422958	6700	5090.983056112385	6524.113964686999	4789.687074829932
4500	5790.87445199192	4400	3548.275112137884	7574.452145214522	4789.687074829932
4600	4788.477188414194	4750	3901.2888838478875	6655.659942363112	4789.687074829932
24500	16913.61864544962	18950	20771.35272011451	12931.025862068966	18539.40404040404
1999	1271.3551760888736	2350	1982.3281144512512	6524.113964686999	2417.3728222996515
1850	2534.2272555411314	2900	1389.6367271327772	6524.113964686999	2417.3728222996515
5500	7218.624243252685	5950	6215.684336725464	6655.659942363112	7276.251040221914
5999	6539.335787811413	3200	4097.392760491101	6524.113964686999	7276.251040221914
2850	4743.886193283093	4750	3659.9686517584214	6655.659942363112	4789.687074829932
700	2666.2675653199485	1350	3945.637177733607	7574.452145214522	2504.294736842105
3999	5323.2762161899045	4000	3725.9143100929095	6524.113964686999	4789.687074829932
6500	6038.532349531079	5900	5667.553462659048	9804.4	7276.251040221914
5998	3028.3601764463733	1947.5	3534.2905420037987	6524.113964686999	2504.294736842105
1600	3961.295701551686	3050	2108.93904785872	7574.452145214522	2417.3728222996515
1500	-1486.785174817332	1500	809.1760725823742	6524.113964686999	2417.3728222996515
900	-1280.3400946466822	1500	922.7808507769405	6418.04289544236	2417.3728222996515
11950	12395.37882547881	7900	10473.150462113803	6524.113964686999	11650.57939914163
6400	6026.717602111026	5900	5577.622262903227	9804.4	7276.251040221914
5000	5901.853829812817	5900	4637.922250527279	9804.4	4789.687074829932
5400	7249.516747133659	6700	6545.114528827036	6524.113964686999	7276.251040221914
8900	12803.32233824164	14500	9655.535766246014	6418.04289544236	11650.57939914163
2800	5604.664385683956	2900	4054.35415000995	6524.113964686999	7276.251040221914
4260	6738.648895324062	4997.5	4786.26234209106	7574.452145214522	4789.687074829932
3500	3530.721283874432	4500	3242.1438664192474	6655.659942363112	4789.687074829932
5500	1092.298922976579	2300	3828.1097176057974	6655.659942363112	2504.294736842105
13000	16313.316608413284	15500	12596.055728877	3175.4347826086955	18539.40404040404
6900	6770.923581050749	5500	6084.848076129187	6655.659942363112	7276.251040221914
9900	10554.070053165693	9900	10064.579639579788	9804.4	7276.251040221914
5200	7249.516747133659	6700	6545.114528827036	6524.113964686999	7276.251040221914
32000	22891.84469030487	27000	22730.69304436232	19286.675213675215	11650.57939914163
6400	5761.9726367162875	5250	4856.962721093079	6655.659942363112	7276.251040221914
11000	14236.325046486205	12000	12873.036336493282	6418.04289544236	11650.57939914163
1500	-866.0402857870076	1375	1534.9083249106925	6418.04289544236	2417.3728222996515
10900	11411.045009541005	7100	8763.830366930926	6524.113964686999	7276.251040221914
1000	657.3679391571031	1500	2289.532087771404	6524.113964686999	2417.3728222996515
3500	6426.578628911957	4997.5	5216.646180828303	7574.452145214522	7276.251040221914
8400	9557.763925859716	6500	7292.301145118101	6418.04289544236	7276.251040221914
2300	5546.574568558364	4000	2875.3686767804875	6524.113964686999	4789.687074829932
7600	8859.629641433861	6700	8949.81930918263	6655.659942363112	7276.251040221914
1950	2046.7819037064587	2200	2348.6527503060215	6418.04289544236	2417.3728222996515
12900	13061.974679102068	12900	13214.821181849296	7574.452145214522	11650.57939914163
6750	7547.181566203624	5950	6087.6843593356625	6655.659942363112	7276.251040221914
7999	10337.714622219859	8900	8980.642050463044	7574.452145214522	7276.251040221914
6995	8465.411288616791	6900	7548.679553636518	6524.113964686999	7276.251040221914
5000	5026.991587881645	4000	3284.0436582800303	6418.04289544236	4789.687074829932
3000	1027.161418011347	2350	2783.717103162926	6524.113964686999	2417.3728222996515
6000	6736.569224433348	4997.5	8427.125708015386	7574.452145214522	7276.251040221914
14500	13970.5132274254	12250	12071.114291193733	19286.675213675215	13797.777777777777
2700	-1719.9956194449524	1100	1535.2738776494662	6418.04289544236	2417.3728222996515
15950	16010.030922520138	16000	16615.207279660986	16082.274725274725	18539.40404040404
2300	2480.57685294014	2200	2739.951306044608	6418.04289544236	7276.251040221914
8500	14229.069466095036	15995	13688.664002735004	6418.04289544236	18539.40404040404
5785	5894.666973987802	5250	5577.523249439208	6655.659942363112	7276.251040221914
12900	13062.865655134463	12900	13225.472133102921	7574.452145214522	11650.57939914163
12300	11692.592355198425	11650	10298.906556125155	7574.452145214522	11650.57939914163
2000	1811.6713606549479	2700	2334.777555384915	6524.113964686999	2417.3728222996515
5250	5799.006824647309	4400	3623.4502949085436	7574.452145214522	4789.687074829932
800	2305.3125802847776	2700	3430.635065603793	6524.113964686999	7276.251040221914
19999	16155.915494632487	17700	18912.400488798856	6524.113964686999	18539.40404040404
3500	6426.578628911957	4997.5	5216.646180828303	7574.452145214522	7276.251040221914
18000	15423.263019930928	15950	15303.446257315927	16082.274725274725	18539.40404040404
4500	5844.068267518893	5900	4213.148046788974	9804.4	4789.687074829932
850	-1525.8258202696966	2300	1947.222546376458	6655.659942363112	2417.3728222996515
15700	15786.429431356566	17250	14661.22019059415	6418.04289544236	18539.40404040404
3200	4793.905503545215	3700	3562.2720991619844	6524.113964686999	4789.687074829932
8450	10408.118687008468	9500	9353.819708962714	6655.659942363112	11567.134146341463
500	107.3392674555389	1500	1980.2430479163404	6418.04289544236	2504.294736842105
7500	7745.004285583076	5950	7175.656810981805	6655.659942363112	7276.251040221914
3900	6780.732272703142	5000	4236.408409585084	6418.04289544236	4789.687074829932
900	4769.922974304594	3700	3344.7088303773016	6524.113964686999	4789.687074829932
15495	15210.235307715579	15950	13361.494868257989	16082.274725274725	18539.40404040404
450	3124.3014442639233	2500	2151.7223657668	7574.452145214522	2417.3728222996515
4500	3969.7192613594248	4500	3851.2767978747042	6655.659942363112	7276.251040221914
8900	9469.779980027592	7100	9569.065718333542	6524.113964686999	7276.251040221914
25000	24402.554953345214	29750	25423.901576672986	19286.675213675215	27667.102040816328
3900	3671.155189535459	3200	3764.6874737942935	6524.113964686999	7276.251040221914
4500	2046.7674521811118	2700	4049.4423605823913	6524.113964686999	7276.251040221914
1650	1928.2344250273568	2200	1672.7163019791806	6418.04289544236	2417.3728222996515
5400	5023.184607359626	5300	4668.198794930681	9121.141592920354	7276.251040221914
2200	3370.053693959359	2500	3136.7324035825413	6418.04289544236	7276.251040221914
8900	9469.779980027592	7100	9569.065718333542	6524.113964686999	7276.251040221914
16500	15252.923473359682	12900	16482.46392659968	7574.452145214522	18539.40404040404
14990	15679.392102348573	16750	16380.020963987921	12931.025862068966	11650.57939914163
10900	12595.652418696962	12000	12875.85367650669	6418.04289544236	18539.40404040404
3500	4700.91244421921	4750	3428.2061605624813	6655.659942363112	4789.687074829932
5000	5026.991587881645	4000	3284.0436582800303	6418.04289544236	4789.687074829932
1800	-2297.36121606642	2500	2394.3952971322406	6655.659942363112	2417.3728222996515
2700	961.1242480360011	3000	2730.031576307114	6655.659942363112	7276.251040221914
7900	9850.503154485265	6500	9595.144430221846	6418.04289544236	7276.251040221914
750	3873.418579515636	3200	2742.5830132010597	6524.113964686999	4789.687074829932
4950	8441.11068583692	6700	6799.047636371604	6655.659942363112	7276.251040221914
3000	5105.685849112008	2900	3323.529191396363	6524.113964686999	2417.3728222996515
7250	6953.613111085877	4997.5	6888.628342155518	7574.452145214522	7276.251040221914
8000	7568.995286487298	6900	6227.702902964627	9121.141592920354	4789.687074829932
2000	4957.107210469565	3999.5	3467.1307292646425	7574.452145214522	4789.687074829932
2500	5753.714744837194	5250	4811.359926355795	6655.659942363112	7276.251040221914
23500	17328.810331357137	17750	22285.241539176066	7574.452145214522	18539.40404040404
4900	8934.216749267498	7500	7209.045306540123	6655.659942363112	11650.57939914163
14000	14363.878563158532	16100	17169.97999586133	6524.113964686999	18539.40404040404
8000	7568.995286487298	6900	6227.702902964627	9121.141592920354	4789.687074829932
1600	3944.130287180911	3050	1973.2801687253204	7574.452145214522	2417.3728222996515
12400	10452.778554038769	8900	10291.099972638016	7574.452145214522	7276.251040221914
4300	5796.301337665449	4400	3598.429222226645	7574.452145214522	4789.687074829932
4000	9317.945028672057	6500	5307.170185892002	6418.04289544236	4789.687074829932
8000	7568.995286487298	6900	6227.702902964627	9121.141592920354	4789.687074829932
3000	3962.395707891292	3200	3503.099792913018	6524.113964686999	4789.687074829932
4900	3739.173800488761	3050	3382.4050320582746	7574.452145214522	2417.3728222996515
6900	7468.039146636798	5950	5631.876295678034	6655.659942363112	7276.251040221914
7500	12121.705937222057	12000	9046.912744665755	6418.04289544236	11650.57939914163
5500	5761.9726367162875	5250	4856.962721093079	6655.659942363112	7276.251040221914
3000	4115.106321358177	2700	2485.865308611881	6524.113964686999	2417.3728222996515
700	5225.062116039455	4400	1610.7647571663047	7574.452145214522	4789.687074829932
1700	2103.9951809737795	2450	992.9387658641645	7574.452145214522	2417.3728222996515
1200	1265.1285149976884	2350	1162.9781040070593	7574.452145214522	2417.3728222996515
1800	1360.9312232940342	2000	1228.560963996165	6418.04289544236	2417.3728222996515
27302	7852.729942324411	6200	20951.52072071335	9804.4	7276.251040221914
17000	14202.020841841719	16100	16162.40054561197	6524.113964686999	18539.40404040404
6900	7468.039146636798	5950	5631.876295678034	6655.659942363112	7276.251040221914
12000	12247.765814979373	13900	13191.459521878664	6524.113964686999	18539.40404040404
10600	10826.732871600247	9500	10133.471886356681	6524.113964686999	11650.57939914163
18699	17498.1910258572	16200	19324.654767894448	6418.04289544236	18539.40404040404
3990	10410.586168284724	6325	5870.854046471285	7574.452145214522	4789.687074829932
13995	9631.383303617453	7100	11112.088358615574	6524.113964686999	7276.251040221914
7250	6953.613111085877	4997.5	6888.628342155518	7574.452145214522	7276.251040221914
3000	2984.8396360261427	3725	3001.974254762733	6655.659942363112	4789.687074829932
17900	14573.585103140993	16100	18001.707939015323	6524.113964686999	18539.40404040404
22800	18329.71849712759	21000	21397.436664225454	12931.025862068966	18539.40404040404
9500	14738.527912531097	12000	16176.17074859342	6418.04289544236	18539.40404040404
10400	13266.395390033833	9900	11317.850425820292	7574.452145214522	11650.57939914163
2000	11081.516059641097	9900	8381.502808814355	7574.452145214522	11650.57939914163
5500	5761.9726367162875	5250	4856.962721093079	6655.659942363112	7276.251040221914
1500	4206.609632680611	2350	1344.7619644899032	6524.113964686999	2504.294736842105
2900	2445.9596327423133	2450	3344.529342066803	7574.452145214522	2504.294736842105
5900	6495.1911217504385	5500	6549.670766401955	6655.659942363112	7276.251040221914
3500	6426.578628911957	4997.5	5216.646180828303	7574.452145214522	7276.251040221914
16250	12818.83551603027	15800	13442.91067959243	9121.141592920354	11650.57939914163
29900	17151.017616526722	24900	23105.286671365116	7574.452145214522	18539.40404040404
7600	8750.179091726422	5998	6229.413974173916	6524.113964686999	7276.251040221914
6500	10594.905261051394	6900	8395.526146602515	6524.113964686999	7276.251040221914
2900	3209.5425936699157	2500	2794.11229124523	7574.452145214522	2417.3728222996515
19000	15193.210781861384	15950	16558.59124171591	16082.274725274725	18539.40404040404
14000	14363.878563158532	16100	17169.97999586133	6524.113964686999	18539.40404040404
3975	9311.809755381471	8000	6374.729041211284	7574.452145214522	4789.687074829932
9900	10523.119417406991	9900	9811.544711579849	9804.4	7276.251040221914
1000	3239.0256601292012	2350	2307.4905766990814	6524.113964686999	2417.3728222996515
9500	11437.007071960452	10299	10832.134337340593	6655.659942363112	11567.134146341463
1950	2826.4976037654155	3725	2217.0590228913143	6655.659942363112	4789.687074829932
600	2128.642285909398	2450	1152.2897723149272	7574.452145214522	2417.3728222996515
1500	3061.7389001574247	2500	1690.6570237705182	7574.452145214522	2417.3728222996515
4300	4765.627881500712	4750	3777.5719419097277	6655.659942363112	4789.687074829932
24999	24402.554953345214	29750	25423.901576672986	19286.675213675215	27667.102040816328
4800	4874.454811163609	5300	3546.153491807133	9121.141592920354	2417.3728222996515
1	8883.348930084847	5000	3943.259698795505	6418.04289544236	7276.251040221914
24000	23498.26510937814	27000	24471.085081716526	19286.675213675215	27667.102040816328
5400	5761.9726367162875	5250	4856.962721093079	6655.659942363112	7276.251040221914
6400	8566.96800863206	6325	7002.849540679756	7574.452145214522	7276.251040221914
1000	2675.864398060532	2500	1741.176373031387	7574.452145214522	2417.3728222996515
1	6398.38107043168	6500	6338.902275778764	9121.141592920354	4789.687074829932
2999	7698.183469847505	4400	3298.670382269577	7574.452145214522	4789.687074829932
18000	15810.129148681925	15900	17320.84969140167	6524.113964686999	18539.40404040404
18500	16398.944554685968	18950	18327.316857178535	12931.025862068966	18539.40404040404
899	-1376.7178148764087	1200	1202.5017333400956	7574.452145214522	2417.3728222996515
12500	12352.737317785479	12000	11027.95721857664	6418.04289544236	11650.57939914163
1600	2213.9528338918353	2450	1720.1529228341906	7574.452145214522	2417.3728222996515
7250	11832.896401886066	7100	6048.803724373317	6524.113964686999	7276.251040221914
6400	9972.483621889869	9900	9048.9795198073	9804.4	4789.687074829932
2200	4920.9842341129315	3999.5	6507.722034759727	7574.452145214522	7276.251040221914
26500	15839.21623009421	19350	22382.1565994837	7574.452145214522	18539.40404040404
2800	4535.212398464542	4750	4363.768696582494	6655.659942363112	7276.251040221914
3000	5306.759907040689	4000	5180.060872324164	6418.04289544236	7276.251040221914
4500	6225.187156837843	5500	4767.896053431063	12931.025862068966	2417.3728222996515
12000	10085.300308014832	8999	10256.07041729277	9121.141592920354	7276.251040221914
1895	2255.7954440264184	2450	2006.433414820097	7574.452145214522	2417.3728222996515
2499	1809.2542950833	2700	2317.273947807623	6524.113964686999	2417.3728222996515
8900	8499.448996054793	6900	7901.167217887261	6524.113964686999	7276.251040221914
2700	619.1039418792338	1450	2051.3916238524607	3175.4347826086955	2504.294736842105
9500	11143.7012827514	9900	9126.33367393631	7574.452145214522	11650.57939914163
3500	6426.578628911957	4997.5	5216.646180828303	7574.452145214522	7276.251040221914
19500	18044.63915145723	16750	17823.844117629673	19286.675213675215	13797.777777777777
3500	2134.7446336532807	3000	2911.7027061528497	6655.659942363112	2417.3728222996515
8400	11270.730466156614	9900	9607.328343177582	9804.4	7276.251040221914
2500	3850.0439127183613	4500	3223.616001243926	6655.659942363112	4789.687074829932
15000	17123.732590337007	14000	16676.395457849074	19286.675213675215	13797.777777777777
33000	23973.20909323368	29750	25908.149406521785	19286.675213675215	27667.102040816328
3999	7150.3220407417975	5950	5793.5254892448265	6655.659942363112	7276.251040221914
22000	20709.073442295383	20435	24039.721773837762	19286.675213675215	27667.102040816328
24000	14782.836941305855	17750	19488.71373972574	7574.452145214522	18539.40404040404
15000	14922.129723753937	15750	16635.211968342526	12931.025862068966	18539.40404040404
15999	14234.103358220244	11650	13565.838269804019	7574.452145214522	11650.57939914163
8500	14738.527912531097	12000	16176.17074859342	6418.04289544236	18539.40404040404
7900	8413.57585031976	6900	7004.609428089916	6524.113964686999	7276.251040221914
16200	18657.30821967795	17700	7380.438663919173	6524.113964686999	18539.40404040404
7200	8369.766879408611	6900	9610.067882565512	6524.113964686999	7276.251040221914
1000	3536.7981623720066	2550	2609.522580842957	3175.4347826086955	2417.3728222996515
8400	11270.11845203052	9900	9602.221987771463	9804.4	7276.251040221914
4000	5875.574099045787	5000	5662.07310396351	6418.04289544236	7276.251040221914
20000	14776.197723049576	15750	17528.129602274	12931.025862068966	18539.40404040404
2300	4407.782156896998	3999.5	1870.5803262662084	7574.452145214522	4789.687074829932
2800	596.0805388367281	2150	2333.592363631691	7574.452145214522	2504.294736842105
6995	7647.297592491441	6700	7461.993677431718	6524.113964686999	7276.251040221914
3700	4141.021355263927	3200	5009.5247725742465	6524.113964686999	7276.251040221914
7900	8413.26334157508	6900	7001.306559207567	6524.113964686999	7276.251040221914
6000	7989.293283994866	5900	11702.553015732909	9804.4	4789.687074829932
3450	4368.581334307175	3700	2597.7200006828707	6524.113964686999	4789.687074829932
1700	1333.2945755214355	2350	2407.103693265083	6524.113964686999	2417.3728222996515
6900	7656.682961118886	6700	7554.7031916993965	6524.113964686999	7276.251040221914
17500	14928.48402666194	15750	16698.201918966697	12931.025862068966	18539.40404040404
4800	6715.217654226664	4997.5	4555.623505179206	7574.452145214522	4789.687074829932
11250	10863.303061689305	6325	10869.206629767676	7574.452145214522	7276.251040221914
3750	6607.99828736673	5998	5203.977520459784	6524.113964686999	4789.687074829932
6000	11524.124424673893	8000	9431.238013165377	7574.452145214522	7276.251040221914
14999	12320.202383178486	8900	9431.796680161871	7574.452145214522	7276.251040221914
8250	11075.71288388754	10299	8922.077112782723	6655.659942363112	11650.57939914163
8400	11270.730466156614	9900	9607.328343177582	9804.4	7276.251040221914
3150	5466.640670552675	4400	3862.3956686415813	7574.452145214522	4789.687074829932
2000	5786.932682015031	5250	4994.387455249978	6655.659942363112	7276.251040221914
3300	5587.083680679829	4000	3259.626578757013	6524.113964686999	4789.687074829932
5500	5775.58453175551	5250	4931.98877173437	6655.659942363112	7276.251040221914
15500	12873.598471314137	12000	12296.327027024296	6655.659942363112	11567.134146341463
9250	9963.763215378698	9500	8813.032571684638	6655.659942363112	11650.57939914163
16000	16684.885492029018	18950	18651.475768105454	12931.025862068966	18539.40404040404
12500	16881.723255574077	14000	14319.170237464506	19286.675213675215	4789.687074829932
6500	7573.435829612006	5900	6293.46842560347	12931.025862068966	7276.251040221914
5500	8155.0495222629415	6325	6274.5628600492055	7574.452145214522	4789.687074829932
1300	3942.030066655525	3050	1956.7422929249442	7574.452145214522	2417.3728222996515
6500	6654.184346480097	5500	5370.0461041382205	12931.025862068966	2417.3728222996515
8200	11270.730466156614	9900	9607.328343177582	9804.4	7276.251040221914
1800	1759.2351078005217	2700	1957.1674287066962	6524.113964686999	2417.3728222996515
6972	7307.3701150150555	5950	6750.675261599381	6655.659942363112	7276.251040221914
12999	10302.446964996054	9900	11850.568432872557	9804.4	7276.251040221914
18000	20657.38044543377	20435	19958.868287374306	19286.675213675215	11650.57939914163
6999	7469.893413367274	5800	5347.106359848049	6418.04289544236	7276.251040221914
3900	3671.155189535459	3200	3764.6874737942935	6524.113964686999	7276.251040221914
2580	1020.8596022290772	2350	2741.164466913585	6524.113964686999	2417.3728222996515
1000	1216.9394830710485	2350	1611.686332328185	6524.113964686999	2417.3728222996515
8200	11270.730466156614	9900	9607.328343177582	9804.4	7276.251040221914
22000	18474.483035092715	21000	20702.25131379895	12931.025862068966	18539.40404040404
2700	-1719.9956194449524	1100	1535.2738776494662	6418.04289544236	2417.3728222996515
2400	596.0805388367281	2150	2333.592363631691	7574.452145214522	2504.294736842105
1000	2060.3072969325403	2450	716.4835984992969	7574.452145214522	2417.3728222996515
7000	7568.995286487298	6900	6227.702902964627	9121.141592920354	4789.687074829932
7500	5413.004602052193	4000	5876.824848622273	6418.04289544236	7276.251040221914
13000	10311.348609482122	8999	10249.632736980984	9121.141592920354	7276.251040221914
7000	11092.451550166126	9900	8512.575430342094	7574.452145214522	11650.57939914163
7900	8410.150169575032	6900	6968.390556095072	6524.113964686999	7276.251040221914
4900	6824.39274391879	5500	5456.090658553083	9804.4	4789.687074829932
5000	5026.991587881645	4000	3284.0436582800303	6418.04289544236	4789.687074829932
4000	8768.499560361188	5900	9150.96112130751	9804.4	7276.251040221914
7000	7568.995286487298	6900	6227.702902964627	9121.141592920354	4789.687074829932
3900	4765.627881500712	4750	3777.5719419097277	6655.659942363112	4789.687074829932
12999	10302.446964996054	9900	11850.568432872557	9804.4	7276.251040221914
29999	16708.597403219545	24900	23295.9922064435	7574.452145214522	18539.40404040404
2300	5141.381772183482	2500	2965.0647918578097	7574.452145214522	2417.3728222996515
1900	4959.566244753438	2500	1685.072383137439	7574.452145214522	2417.3728222996515
19750	17012.62853036944	17750	18900.917795464367	7574.452145214522	18539.40404040404
800	-2297.36121606642	2500	2394.3952971322406	6655.659942363112	2417.3728222996515
4200	6736.004654145541	5000	3905.468830129623	6418.04289544236	4789.687074829932
1100	-1376.7178148764087	1200	1202.5017333400956	7574.452145214522	2417.3728222996515
7900	8413.57585031976	6900	7004.609428089916	6524.113964686999	7276.251040221914
1999	2841.100737797912	1450	2534.194094005781	3175.4347826086955	2417.3728222996515
7500	9035.08242192587	7100	8252.311718695468	6524.113964686999	7276.251040221914
1800	4835.143112495631	3999.5	2413.9821665747895	7574.452145214522	4789.687074829932
8200	11270.730466156614	9900	9607.328343177582	9804.4	7276.251040221914
1500	4798.85979227327	3700	3607.2285654702273	6524.113964686999	4789.687074829932
9995	10799.39177605644	10299	9237.406188929424	6655.659942363112	11650.57939914163
2799	3403.128885796807	2500	3338.3923013202957	6418.04289544236	7276.251040221914
12400	12606.022031428522	11250	12653.034796683294	6655.659942363112	11567.134146341463
1000	-1303.8174494532245	1500	838.9879951389166	6418.04289544236	2417.3728222996515
8200	11270.730466156614	9900	9607.328343177582	9804.4	7276.251040221914
12999	10302.446964996054	9900	11850.568432872557	9804.4	7276.251040221914
6500	8301.659069428146	6000	5723.8517763594755	12931.025862068966	4789.687074829932
3600	4957.876749817731	4000	2822.7468258193176	6418.04289544236	4789.687074829932
6400	5907.927416053717	4400	4636.99671159555	7574.452145214522	7276.251040221914
1795	2255.7954440264184	2450	2006.433414820097	7574.452145214522	2417.3728222996515
6500	7669.672148612379	5800	4890.16344076395	6418.04289544236	4789.687074829932
1500	2054.764432560322	2200	2395.112122503402	6418.04289544236	2417.3728222996515
2000	5998.491241363397	3050	3060.5690184785035	7574.452145214522	2417.3728222996515
16200	19166.255631198837	18150	19446.040868126463	16082.274725274725	18539.40404040404
7990	104.65968635355091	1500	1554.2138451435576	3175.4347826086955	2504.294736842105
51000	18828.066544206595	16750	20679.907433449684	19286.675213675215	13797.777777777777
4800	5770.0541704047255	2550	4051.3883926806802	3175.4347826086955	7276.251040221914
1500	4315.694888328521	2450	3134.6218279050054	7574.452145214522	2417.3728222996515
5900	5018.002496027715	3700	5569.516532167738	6524.113964686999	7276.251040221914
10595	13260.922890910668	12000	12624.64613267955	6655.659942363112	11567.134146341463
7900	11270.730466156614	9900	9607.328343177582	9804.4	7276.251040221914
14750	13308.323678863224	14500	12505.050840262858	6418.04289544236	18539.40404040404
1800	-3807.8242959397903	1100	1283.1064080247825	6418.04289544236	2417.3728222996515
6900	8337.026041309078	6900	6189.505595852002	6524.113964686999	4789.687074829932
17400	15193.210781861384	15950	16558.59124171591	16082.274725274725	18539.40404040404
5900	7242.240552952066	5950	6359.770693442966	6655.659942363112	7276.251040221914
6000	10227.964070858721	7900	9048.582445084654	6524.113964686999	11650.57939914163
7590	10185.931031307156	7500	7747.514076091859	6418.04289544236	11650.57939914163
16999	19385.380541909715	18150	19437.155324268133	16082.274725274725	18539.40404040404
29000	25453.34512159523	29874.5	27611.206728635836	19286.675213675215	27667.102040816328
2000	2174.3333975563423	2700	2458.1280686393557	6524.113964686999	2417.3728222996515
7800	10481.769779847167	6900	7542.565440501051	6524.113964686999	7276.251040221914
500	360.61564878147544	1947.5	1541.782716975974	6524.113964686999	2417.3728222996515
4250	6667.93132747532	5998	5798.2162587872735	6524.113964686999	7276.251040221914
6900	8336.973329213977	6900	6188.940986721953	6524.113964686999	4789.687074829932
12999	10302.446964996054	9900	11850.568432872557	9804.4	7276.251040221914
2400	5068.376062979771	2700	1653.5141167129568	6524.113964686999	7276.251040221914
7700	10967.635928123847	9900	7021.279734499363	7574.452145214522	11650.57939914163
800	3873.418579515636	3200	2742.5830132010597	6524.113964686999	4789.687074829932
4800	6669.410032777767	4997.5	4106.207493352609	7574.452145214522	4789.687074829932
29999	26087.244584999295	29874.5	30482.303494547385	19286.675213675215	27667.102040816328
1000	-1034.594635787625	1750	872.4222657648843	6524.113964686999	2417.3728222996515
3995	4654.446018598921	3999.5	4058.0323168859195	7574.452145214522	7276.251040221914
5995	7586.302619592947	6700	6851.320491791508	6524.113964686999	7276.251040221914
4900	5771.786375484111	5500	4311.705882216102	9121.141592920354	2417.3728222996515
27302	7852.729942324411	6200	20951.52072071335	9804.4	7276.251040221914
7900	8410.150169575032	6900	6968.390556095072	6524.113964686999	7276.251040221914
7900	11270.730466156614	9900	9607.328343177582	9804.4	7276.251040221914
2800	3614.479845350963	3050	2349.319307361574	7574.452145214522	2417.3728222996515
3500	3683.5227897548234	3200	3868.599556159801	6524.113964686999	7276.251040221914
9500	8363.381146137706	6000	8708.9757600112	12931.025862068966	7276.251040221914
300	1341.3702310508183	2000	1135.274763467849	6418.04289544236	2417.3728222996515
18500	16398.944554685968	18950	18327.316857178535	12931.025862068966	18539.40404040404
2580	1020.8596022290772	2350	2741.164466913585	6524.113964686999	2417.3728222996515
21000	20561.67235427366	20435	18902.325602559577	19286.675213675215	11650.57939914163
10800	3815.2748554828595	2500	7150.561440450604	7574.452145214522	7276.251040221914
800	2137.9652790661057	2450	1213.1595402513885	7574.452145214522	2417.3728222996515
2580	1020.8596022290772	2350	2741.164466913585	6524.113964686999	2417.3728222996515
4950	6581.494995056724	5500	5027.298992297484	6655.659942363112	7276.251040221914
7000	7865.910345928776	5800	6411.073312728677	6418.04289544236	7276.251040221914
10395	13257.811158539276	12000	12612.01363309781	6655.659942363112	11567.134146341463
6200	8616.327802582508	5500	6157.826206239814	6655.659942363112	7276.251040221914
21500	16593.94680452566	16100	17960.445122329147	6524.113964686999	18539.40404040404
8500	12874.447043439684	14100	11625.171640973556	12931.025862068966	7276.251040221914
2100	2497.120257195919	2200	2834.4260385038824	6418.04289544236	7276.251040221914
10999	11927.808841982021	10750	12751.101463988447	12931.025862068966	7276.251040221914
1000	1334.9581359624503	2350	2418.5292115057264	6524.113964686999	2417.3728222996515
2500	4952.898014049975	4500	4208.286142475371	3175.4347826086955	4789.687074829932
3500	5712.499847481704	4400	2830.5516266468367	7574.452145214522	4789.687074829932
8999	8578.953060663607	7000	8343.769363438108	9121.141592920354	7276.251040221914
2300	2228.4152125554524	2700	2860.572840049822	6524.113964686999	2417.3728222996515
3499	2226.9026730920846	3000	3362.581818870751	6655.659942363112	7276.251040221914
11800	10152.04610194418	9500	9869.117750958165	6655.659942363112	11567.134146341463
5985	7630.660941773036	5800	4588.352246587854	6418.04289544236	4789.687074829932
21000	15033.741843058959	18250	18766.560403402917	9121.141592920354	18539.40404040404
9900	13262.547971212321	9900	11269.60790703812	7574.452145214522	11650.57939914163
14500	14271.524424174251	12250	12982.627176007501	19286.675213675215	13797.777777777777
6700	11126.358074739182	7500	7211.787435515805	6418.04289544236	11650.57939914163
1995	-480.9367938675765	1750	1582.9623439789675	6524.113964686999	2417.3728222996515
3589	7674.182815067705	5495	6057.483749325424	7574.452145214522	7276.251040221914
3000	6443.078777067851	5500	4237.713877953041	6655.659942363112	4789.687074829932
4350	7106.390801422958	6700	5090.983056112385	6524.113964686999	4789.687074829932
6100	6701.447886748425	4997.5	4420.281784933105	7574.452145214522	4789.687074829932
7999	6945.205499310709	5500	6988.5943200758165	6655.659942363112	7276.251040221914
750	2078.375769570454	2700	1748.074545730633	6524.113964686999	2417.3728222996515
5800	8323.072079404748	6700	8159.664461158856	6655.659942363112	7276.251040221914
6000	6367.366926307086	6500	6114.218393329227	9121.141592920354	4789.687074829932
12800	3815.2748554828595	2500	7150.561440450604	7574.452145214522	7276.251040221914
3500	3768.296018517843	4500	2799.7593199965177	6655.659942363112	4789.687074829932
6700	8337.026041309078	6900	6189.505595852002	6524.113964686999	4789.687074829932
4450	5538.212190444312	4400	4563.377407832373	7574.452145214522	7276.251040221914
11999	10302.446964996054	9900	11850.568432872557	9804.4	7276.251040221914
3000	-821.9043664818973	1375	1670.5750556334979	6418.04289544236	2417.3728222996515
2600	6436.216481050138	3050	6630.78795251568	7574.452145214522	7276.251040221914
6999	9573.218989170238	7500	8860.35127012767	6655.659942363112	11567.134146341463
2700	-1719.9956194449524	1100	1535.2738776494662	6418.04289544236	2417.3728222996515
1500	4177.513502172412	2450	2212.8044949013765	7574.452145214522	2417.3728222996515
6700	8336.762542749462	6900	6186.683179540603	6524.113964686999	4789.687074829932
16500	16615.50029395061	14000	14435.834541849907	19286.675213675215	13797.777777777777
8495	8551.407448239786	6325	6834.874439748998	7574.452145214522	7276.251040221914
6500	8357.510556749801	6900	6408.638203357577	6524.113964686999	4789.687074829932
1500	4064.086723760325	3050	2936.443250835395	7574.452145214522	2417.3728222996515
2580	1020.8596022290772	2350	2741.164466913585	6524.113964686999	2417.3728222996515
13900	12592.154110466427	7900	11909.205126948505	6524.113964686999	18539.40404040404
1500	4177.513502172412	2450	2212.8044949013765	7574.452145214522	2417.3728222996515
1600	-1713.6461637124598	2300	2167.731617903998	6655.659942363112	2417.3728222996515
4100	4708.564205241104	4000	3193.7444677844614	6418.04289544236	4789.687074829932
4200	2913.464617321874	2900	1713.178648536823	6524.113964686999	2417.3728222996515
10490	13399.485618029625	15900	16046.853427831535	6524.113964686999	18539.40404040404
3650	4101.3487562558785	3050	3241.0331270306187	7574.452145214522	2417.3728222996515
9600	9881.888048247773	9500	8312.75352718851	6655.659942363112	11650.57939914163
10300	13282.123776983588	9900	11514.73241187297	7574.452145214522	11650.57939914163
10500	10863.303061689305	6325	10869.206629767676	7574.452145214522	7276.251040221914
29200	17116.969080075072	24900	22875.38359205229	7574.452145214522	18539.40404040404
12500	6008.848493278294	5900	9214.322697815385	9804.4	7276.251040221914
2500	3588.389640188922	1950	1757.4042787889894	6418.04289544236	2504.294736842105
650	654.729818961698	1450	1113.4384272822417	3175.4347826086955	2417.3728222996515
1800	3983.719473970139	3050	2287.398527828889	7574.452145214522	2417.3728222996515
31000	18380.57567702031	24900	21447.756995140495	7574.452145214522	18539.40404040404
12500	12187.942794144617	13900	12622.40398175449	6524.113964686999	11650.57939914163
1700	1267.3650040804114	2350	1176.3900957572941	7574.452145214522	2417.3728222996515
6700	8336.762542749462	6900	6186.683179540603	6524.113964686999	4789.687074829932
2000	6739.830445035921	4750	4449.175193463701	6655.659942363112	4789.687074829932
10400	11191.794741308335	9900	9700.01042836867	7574.452145214522	11650.57939914163
6700	8336.762542749462	6900	6186.683179540603	6524.113964686999	4789.687074829932
1000	2140.015809007719	2700	2203.1975476805637	6524.113964686999	2417.3728222996515
6700	8336.762542749462	6900	6186.683179540603	6524.113964686999	4789.687074829932
10700	14938.980011837077	15950	14565.91716854722	16082.274725274725	18539.40404040404
21000	20698.963577029972	20435	23958.145329001498	19286.675213675215	27667.102040816328
21000	18601.019397597513	21000	21885.483804747964	12931.025862068966	18539.40404040404
5900	8303.272701956326	6900	5827.3806605552645	6524.113964686999	4789.687074829932
3650	4101.3487562558785	3050	3241.0331270306187	7574.452145214522	2417.3728222996515
8800	9517.805928604697	8000	8682.74647142765	7574.452145214522	7276.251040221914
1795	2255.7954440264184	2450	2006.433414820097	7574.452145214522	2417.3728222996515
7499	8297.295372974453	6325	7933.074131102405	7574.452145214522	7276.251040221914
12975	9618.247940271123	7100	10993.714243005086	6524.113964686999	7276.251040221914
5500	8302.295877869017	6900	5816.886539285114	6524.113964686999	4789.687074829932
15000	15343.362742186448	15950	14624.446969342	16082.274725274725	18539.40404040404
2950	6604.559399885427	4997.5	3475.7285031426463	7574.452145214522	4789.687074829932
2750	4774.060578761435	4750	3823.2212736073343	6655.659942363112	4789.687074829932
5000	7328.579507649667	5900	6864.209878363232	12931.025862068966	7276.251040221914
1900	-2873.1399005006983	2200	2439.681188852822	6655.659942363112	2417.3728222996515
17000	20646.836921699567	20435	19844.19170791279	19286.675213675215	11650.57939914163
2500	5049.418046935885	2700	1719.4920791366985	6524.113964686999	7276.251040221914
6000	8624.046743682597	7000	8746.504347134929	9121.141592920354	7276.251040221914
6700	8336.762542749462	6900	6186.683179540603	6524.113964686999	4789.687074829932
5250	8561.668749664379	6000	5630.273428394183	6418.04289544236	4789.687074829932
1400	2507.251409485462	2900	1189.4776028570832	6524.113964686999	2417.3728222996515
2500	2104.6745650618104	2450	3833.6432480245285	7574.452145214522	2504.294736842105
5900	9449.3212885195	8700	9311.952468292346	9121.141592920354	7276.251040221914
5900	6724.144345475879	5998	6348.483678163691	6524.113964686999	7276.251040221914
21500	17922.78134454328	16750	16611.26652067811	19286.675213675215	13797.777777777777
3000	7459.043317218691	5495	3843.2482916005865	7574.452145214522	4789.687074829932
2950	1412.9592679202729	2350	2953.4375641329243	6524.113964686999	2504.294736842105
10900	11228.907556084716	9900	10139.961191318374	7574.452145214522	11650.57939914163
9500	11999.92988089788	13900	10672.721450647623	6524.113964686999	11650.57939914163
5500	8301.686441170414	6900	5810.3389894094	6524.113964686999	4789.687074829932
11000	11233.235642829573	11499	11786.210648132786	9121.141592920354	7276.251040221914
5500	7913.048836154527	6900	4973.03200391362	6524.113964686999	4789.687074829932
2500	1975.0188826153385	3000	2146.024373316228	6655.659942363112	2417.3728222996515
2500	303.8341123939157	1947.5	1191.4244760408164	6524.113964686999	2417.3728222996515
8500	10925.880776024524	11499	10756.387142535914	9121.141592920354	7276.251040221914
9995	8471.234716043758	6900	10507.578315416631	6524.113964686999	7276.251040221914
8500	11560.409730836975	7500	10872.324121051028	6418.04289544236	18539.40404040404
8800	11274.207393971777	9900	10672.330663273464	7574.452145214522	11650.57939914163
700	2537.0518745927407	1800	1906.1117786431796	3175.4347826086955	2417.3728222996515
7000	6810.906658181484	5000	4460.948374122096	6418.04289544236	4789.687074829932
2500	4582.388327127528	3999.5	3400.9385170146443	7574.452145214522	4789.687074829932
17750	14281.504391788343	16500	18067.69945943572	7574.452145214522	18539.40404040404
750	2080.2659080402505	2700	1761.9548248146157	6524.113964686999	2417.3728222996515
8900	11886.644692776112	13900	9412.259351882196	6524.113964686999	11650.57939914163
4900	6598.055997089388	5000	4932.065785474031	6418.04289544236	7276.251040221914
22000	18022.382397183042	17200	18823.310515926758	16082.274725274725	18539.40404040404
27000	19176.935320004166	21000	25344.114391328876	12931.025862068966	18539.40404040404
4500	962.2453195213461	2350	2346.715964828595	6524.113964686999	2417.3728222996515
13500	7690.923220285153	5500	5944.675036402701	9804.4	4789.687074829932
26500	22579.694864334513	24999.5	23308.116134214506	19286.675213675215	27667.102040816328
6250	1513.512362253557	3000	3942.0349139393165	6655.659942363112	7276.251040221914
6800	7857.745517582673	5950	7744.067715225598	6655.659942363112	7276.251040221914
1300	-1715.0626672096846	2300	2161.91250412502	6655.659942363112	2417.3728222996515
8900	8641.590632954847	6900	9316.762529088135	6524.113964686999	7276.251040221914
6700	8296.961037557196	6900	5759.563486673057	6524.113964686999	4789.687074829932
4500	16099.121189790318	13500	14645.010410673844	19286.675213675215	13797.777777777777
13500	13056.22607239305	12900	13146.018619528004	7574.452145214522	11650.57939914163
3500	7018.9299442269	5300	6990.624596354394	9121.141592920354	2417.3728222996515
3300	1131.4470250150853	1500	2344.485736222975	3175.4347826086955	2417.3728222996515
1000	-72.30787962709383	1500	1373.570586955385	6418.04289544236	2417.3728222996515
2800	3275.319191404261	2350	2459.2705392257385	6524.113964686999	2417.3728222996515
3900	5789.730594791781	4000	5191.004339310584	6524.113964686999	7276.251040221914
1600	4122.87038677694	2350	1616.6022056526763	6524.113964686999	2504.294736842105
1000	1333.2945755214355	2350	2407.103693265083	6524.113964686999	2417.3728222996515
10000	12267.572750359574	12000	10314.883844498076	6418.04289544236	11650.57939914163
1600	4122.87038677694	2350	1616.6022056526763	6524.113964686999	2504.294736842105
17499	16828.141227453274	17750	16545.19936179145	7574.452145214522	11650.57939914163
15500	14273.523328124702	11650	14058.420312067525	7574.452145214522	11650.57939914163
2500	4109.590242689126	3450	2634.730352412361	6418.04289544236	4789.687074829932
32000	26045.964328708673	29874.5	30452.228351275306	19286.675213675215	27667.102040816328
8396	9391.161737623317	7100	8760.958615740228	6524.113964686999	7276.251040221914
1200	3183.1438903334983	2500	2593.8099324732466	7574.452145214522	2417.3728222996515
8995	9348.807378146119	7100	8313.830613042746	6524.113964686999	7276.251040221914
19500	19721.670436336117	22125	24465.45142488199	12931.025862068966	18539.40404040404
4350	7106.390801422958	6700	5090.983056112385	6524.113964686999	4789.687074829932
1	10861.185671376172	9749.5	10181.848926512204	12931.025862068966	7276.251040221914
3600	6528.196560426632	5998	4406.483450335149	6524.113964686999	4789.687074829932
27000	23965.92636373372	29750	25831.805878517116	19286.675213675215	27667.102040816328
8900	8642.474996532537	6900	9325.225933723494	6524.113964686999	7276.251040221914
2800	4228.382736635716	3200	5716.66733612606	6524.113964686999	7276.251040221914
6250	5857.750221622959	4400	4169.016349056136	7574.452145214522	4789.687074829932
15995	17492.19960283439	20250	18819.29457005249	12931.025862068966	11650.57939914163
2650	6552.167887164571	4997.5	2973.7848718896475	7574.452145214522	4789.687074829932
1925	-416.4209290144878	1750	1950.3629630736568	6524.113964686999	2417.3728222996515
13500	10977.451704380677	9900	11378.964048552849	7574.452145214522	11650.57939914163
13500	12877.755364368828	14100	11659.790060986303	12931.025862068966	7276.251040221914
1500	5998.491241363397	3050	3060.5690184785035	7574.452145214522	2417.3728222996515
1100	-2639.9330004300514	1500	1409.611184566921	6418.04289544236	2417.3728222996515
14200	14969.877334114837	15950	14843.75590338789	16082.274725274725	18539.40404040404
6900	10265.802886161477	7900	9454.807570245943	6524.113964686999	11650.57939914163
15000	15326.073822063978	15500	14785.908993622335	3175.4347826086955	18539.40404040404
18500	12779.310631065799	15900	13581.307346928916	6524.113964686999	18539.40404040404
7700	12188.555895956692	12000	9633.512132567872	6418.04289544236	11650.57939914163
1900	5587.603435612218	4400	1724.6341055417552	7574.452145214522	4789.687074829932
1000	525.3867384302033	1950	1282.5837753773912	6418.04289544236	2417.3728222996515
22500	17732.04957259556	20250	21151.614813535765	12931.025862068966	18539.40404040404
11999	10302.446964996054	9900	11850.568432872557	9804.4	7276.251040221914
4500	5479.214672062164	4000	5187.730474881948	6524.113964686999	7276.251040221914
6450	6607.250882980936	5998	5196.531914043198	6524.113964686999	4789.687074829932
14500	17296.663898182305	20250	19361.25139837603	12931.025862068966	18539.40404040404
17200	16251.939981988535	15995	16606.040300617868	6418.04289544236	18539.40404040404
4995	6267.8653822842425	3050	5259.2600824443925	7574.452145214522	7276.251040221914
5950	8678.426488132574	4997.5	4775.783368362732	7574.452145214522	4789.687074829932
6795	9245.481356415637	7100	7197.764087643323	6524.113964686999	4789.687074829932
4400	5035.069950561758	4000	3338.4619507456973	6418.04289544236	4789.687074829932
3800	9159.5813595645	5998	5041.390700781247	6524.113964686999	7276.251040221914
30000	26032.55619826428	29999	30243.095010027937	19286.675213675215	27667.102040816328
6900	10265.415989815934	7900	9450.685624065083	6524.113964686999	11650.57939914163
8700	8553.709097256831	6900	8453.409816657771	6524.113964686999	7276.251040221914
15750	15931.310355607926	16000	16024.48386280581	16082.274725274725	18539.40404040404
700	-78.69839061037874	1500	1352.9042240645676	6418.04289544236	2417.3728222996515
900	-1540.9627035152052	1100	2044.0860375970751	6418.04289544236	2504.294736842105
5500	4856.963948674449	3700	6845.517743200537	6524.113964686999	7276.251040221914
5800	9299.342855711171	7100	7783.33252723395	6524.113964686999	7276.251040221914
22000	16226.05544827991	17700	18647.24072707588	6524.113964686999	18539.40404040404
12000	14897.576056392343	15750	16389.729898424608	12931.025862068966	11650.57939914163
8700	6868.807798501461	4799	6223.271789824188	3175.4347826086955	7276.251040221914
24000	23984.35978209054	29750	26024.297746364413	19286.675213675215	27667.102040816328
1900	1261.6526227590457	2350	1142.1681804103991	7574.452145214522	2417.3728222996515
6500	8678.426488132574	4997.5	4775.783368362732	7574.452145214522	4789.687074829932
3000	6069.451261805731	3050	3629.0008497027675	7574.452145214522	2417.3728222996515
17200	16232.028150644697	15995	16474.119603116567	6418.04289544236	18539.40404040404
2500	1909.0042327554404	2450	2438.739574296703	7574.452145214522	2417.3728222996515
3500	6643.113919573856	5500	5287.621764057354	12931.025862068966	2417.3728222996515
10000	10319.853732769318	8900	8774.289661233446	7574.452145214522	7276.251040221914
5200	7587.414543253386	5495	5159.234641056984	7574.452145214522	4789.687074829932
4585	10523.513733640228	5495	4537.242326958356	7574.452145214522	7276.251040221914
750	-6782.744474981122	1900	2735.3023773552977	6655.659942363112	2417.3728222996515
4000	4698.6519298769945	5300	5930.139201343192	9121.141592920354	7276.251040221914
8995	9043.136875975242	8000	7205.379682414692	7574.452145214522	7276.251040221914
6900	9233.106184800787	7100	7062.326434733607	6524.113964686999	4789.687074829932
12000	11431.208488141854	9500	13017.135609805267	6524.113964686999	18539.40404040404
3850	9347.199072848623	6500	7459.522111255751	6418.04289544236	7276.251040221914
1800	1358.9199202838577	2350	2583.089481183806	6524.113964686999	2417.3728222996515
9500	5943.338587753575	5500	5678.831937612213	9121.141592920354	7276.251040221914
600	-3421.1948082245776	1450	1655.2855708958614	6418.04289544236	2504.294736842105
2000	7625.468745429096	5900	6708.828744842749	12931.025862068966	7276.251040221914
6750	2685.6071319456332	2500	3377.265913716107	12931.025862068966	2417.3728222996515
17400	15193.210781861384	15950	16558.59124171591	16082.274725274725	18539.40404040404
18500	16734.34747535327	15999.5	15865.27111736095	16082.274725274725	18539.40404040404
1800	-608.5319585371305	1900	3043.567487147394	7574.452145214522	2504.294736842105
8999	8578.953060663607	7000	8343.769363438108	9121.141592920354	7276.251040221914
9950	11530.482402216607	7500	10637.855021153295	6418.04289544236	11650.57939914163
6000	6464.577906931485	5500	6303.071277550796	9804.4	4789.687074829932
2800	3779.726978310467	3000	3359.0417586170743	6655.659942363112	7276.251040221914
2100	5139.180164196481	2450	1940.1621651087344	7574.452145214522	2504.294736842105
3500	6643.113919573856	5500	5287.621764057354	12931.025862068966	2417.3728222996515
4475	4794.376106872858	4750	3933.2363425853628	6655.659942363112	4789.687074829932
2000	-318.5886134944211	1900	2050.5114401856636	7574.452145214522	2417.3728222996515
4695	7679.869851713143	5495	6116.298820623382	7574.452145214522	7276.251040221914
NA	1464.106722855337	2350	3301.5484768051947	6524.113964686999	2504.294736842105
4200	6162.026330385901	5000	5569.9012749402855	6418.04289544236	7276.251040221914
3400	6637.104374998085	4997.5	3791.081736058025	7574.452145214522	4789.687074829932
5700	6663.771659211292	5500	5492.769025872634	6655.659942363112	7276.251040221914
8500	14559.79084406261	11250	13471.60377548499	6655.659942363112	11567.134146341463
28000	25415.51882568321	29874.5	27290.84877422751	19286.675213675215	27667.102040816328
6500	9592.389605116994	5495	5789.274461582674	7574.452145214522	4789.687074829932
4200	6162.026330385901	5000	5569.9012749402855	6418.04289544236	7276.251040221914
6000	11032.29243110583	6500	7058.2291733708025	3175.4347826086955	7276.251040221914
3500	4570.137609442363	3999.5	3290.3228401311853	7574.452145214522	4789.687074829932
4350	3533.116965826523	3200	2607.48791333192	6524.113964686999	4789.687074829932
23900	19580.13709613839	16750	16078.807945898758	19286.675213675215	4789.687074829932
7500	8023.651616078534	4400	6344.451681608893	7574.452145214522	7276.251040221914
20500	18289.000653783736	21000	21088.902117372578	12931.025862068966	18539.40404040404
18500	16442.784872076612	16500	21033.420773017584	7574.452145214522	18539.40404040404
15499	19270.723885512656	22125	22528.440987166992	12931.025862068966	18539.40404040404
1500	1932.3620948811551	2450	2600.909798031965	7574.452145214522	2417.3728222996515
4000	5834.632212123004	4774.5	4882.623036964225	3175.4347826086955	4789.687074829932
1000	4201.104425321581	2700	2887.431069262282	6524.113964686999	2417.3728222996515
